1 1.002
1.004 1.006
1.008 1.01
1.012 1.014
1.016 1.018
1.02 1.022
1.024 1.026
1.028 1.03
1.032 1.034
1.036 1.038
1.04 1.042
1.044 1.046
1.048 1.05
1.052 1.054
1.056 1.058
1.06 1.062
1.064 1.066
1.068 1.07
1.072 1.074
1.076 1.078
1.08 1.082
1.084 1.086
1.088 1.09
1.092 1.094
1.096 1.098
1.1 1.102
1.104 1.106
1.108 1.11
1.112 1.114
1.116 1.118
1.12 1.122
1.124 1.126
1.128 1.13
1.132 1.134
1.136 1.138
1.14 1.142
1.144 1.146
1.148 1.15
1.152 1.154
1.156 1.158
1.16 1.162
1.164 1.166
1.168 1.17
1.172 1.174
1.176 1.178
1.18 1.182
1.184 1.186
1.188 1.19
1.192 1.194
1.196 1.198
1.2 1.202
1.204 1.206
1.208 1.21
1.212 1.214
1.216 1.218
1.22 1.222
1.224 1.226
1.228 1.23
1.232 1.234
1.236 1.238
1.24 1.242
1.244 1.246
1.248 1.25
1.252 1.254
1.256 1.258
1.26 1.262
1.264 1.266
1.268 1.27
1.272 1.274
1.276 1.278
1.28 1.282
1.284 1.286
1.288 1.29
1.292 1.294
1.296 1.298
1.3 1.302
1.304 1.306
1.308 1.31
1.312 1.314
1.316 1.318
1.32 1.322
1.324 1.326
1.328 1.33
1.332 1.334
1.336 1.338
1.34 1.342
1.344 1.346
1.348 1.35
1.352 1.354
1.356 1.358
1.36 1.362
1.364 1.366
1.368 1.37
1.372 1.374
1.376 1.378
1.38 1.382
1.384 1.386
1.388 1.39
1.392 1.394
1.396 1.398
1.4 1.402
1.404 1.406
1.408 1.41
1.412 1.414
1.416 1.418
1.42 1.422
1.424 1.426
1.428 1.43
1.432 1.434
1.436 1.438
1.44 1.442
1.444 1.446
1.448 1.45
1.452 1.454
1.456 1.458
1.46 1.462
1.464 1.466
1.468 1.47
1.472 1.474
1.476 1.478
1.48 1.482
1.484 1.486
1.488 1.49
1.492 1.494
1.496 1.498
1.5 1.502
1.504 1.506
1.508 1.51
0.0138951804 0
0 0
0 0
0 0
1.01825293 1.01997844
1.02116486 1.02184146
1.02205587 1.02187237
1.02136954 1.02063746
1.01977446 1.01888359
1.01806889 1.01743166
1.01706684 1.01705952
1.01748196 1.01839094
1.01982571 1.02180664
1.02433439 1.02738999
1.03093542 1.03491508
1.03925772 1.04387901
1.04868461 1.05357354
1.05844184 1.06318625
1.06770802 1.07191637
1.07573182 1.07908903
1.08193916 1.08425161
1.08601512 1.08723822
1.08794887 1.08819346
1.08803519 1.08755172
1.08683245 1.08597524
1.08508293 1.08425962
1.08360693 1.08322032
1.0831857 1.08357629
1.08445002 1.08584743
1.0877902 1.0902804
1.09330037 1.09681342
1.10076508 1.10508511
1.10969002 1.11448603
1.11937253 1.12424562
1.12900189 1.13354215
1.13777496 1.14161996
1.14501076 1.14789728
1.15024763 1.15204919
1.15330911 1.15405402
1.1543291 1.15419643
1.15373276 1.15302677
1.15217585 1.15128261
1.15045119 1.14978348
1.1493755 1.14931393
1.14967295 1.15051163
1.15187178 1.15377641
1.15622896 1.15921315
1.16269354 1.16661686
1.17091389 1.17550195
1.18028789 1.18517145
1.19004883 1.19481648
1.19937479 1.20363168
1.20750591 1.21093004
1.21385281 1.216241
1.21808064 1.21937751
1.22015691 1.22046277
1.22035607 1.21991263
1.2192204 1.21837626
1.21748259 1.21664354
1.21596128 1.21553235
1.21544419 1.21577193
1.21657577 1.21789876
1.21976526 1.22218009
1.22512831 1.2285758
1.23247045 1.23674407
1.24131484 1.24609022
1.25097033 1.25585151
1.26063006 1.26520598
1.26948655 1.27338969
1.27684691 1.27980576
1.28223172 1.28410947
1.28544341 1.28625751
1.28659445 1.28651409
1.2860913 1.28541329
1.28457643 1.28368284
1.28283665 1.28214031
1.28169086 1.28157645
1.2818732 1.28264241
1.28392836 1.28575677
1.2881338 1.29104589
1.29446021 1.29832586
1.30257568 1.30712871
1.31189306 1.31676923
1.3216537 1.32644267
1.33103574 1.3353396
1.33927132 1.34276137
1.34575613 1.3482198
1.35013568 1.3515068
1.35235581 1.35272412
1.35267045 1.35226874
1.35160541 1.35077633
1.34988331 1.34903048
1.34832053 1.34785097
1.34771071 1.34797676
1.34871154 1.34996059
1.35175092 1.3540901
1.3569659 1.36034681
1.36418313 1.36840876
1.37294361 1.37769644
1.38256816 1.38745543
1.39225433 1.39686411
1.40119085 1.40515081
1.40867344 1.41170394
1.41420523 1.41615925
1.41756767 1.41845178
1.41885174 1.41882514
1.41844491 1.41779673
1.41697591 1.41608397
1.41522501 1.41450191
1.41401268 1.41384693
1.41408259 1.41478316
1.41599543 1.41774773
1.42004898 1.42288834
1.42623561 1.43004228
1.43424334 1.43875956
1.44350039 1.44836717
1.45325673 1.45806507
1.46269111 1.46704033
1.47102818 1.47458313
1.47764919 1.48018801
1.48218019 1.48362601
1.48454542 1.48497731
1.48497811 1.48461979
1.48398722 1.48317515
1.4822848 1.48142019
1.48068442 1.48017596
1.47998508 1.48019066
1.48085726 1.48203287
1.48374718 1.48601046
1.48881324 1.49212662
1.49590334 1.50007943
1.5045766 1.50930495
0.0138951804 0
0 0
0 0
0 0
1.03505176 1.03652895
1.03697934 1.0364587
1.03505776 1.03289892
1.03013185 1.02692815
1.02347509 1.01996894
1.01660787 1.01358484
1.01108063 1.00925736
1.00825264 1.0081746
1.00909804 1.0110617
1.0140669 1.01807745
1.023021 1.02879159
1.03525353 1.04224621
1.04958995 1.05709241
1.06455555 1.07178275
1.07858587 1.08479204
1.09024987 1.09483492
1.09845413 1.10104923
1.10259881 1.10311907
1.10266328 1.10131982
1.09920902 1.09647885
1.09329954 1.08985751
1.08634863 1.08297116
1.07991866 1.07737296
1.07549768 1.0744323
1.07428713 1.0751394
1.0770304 1.07996406
1.08390677 1.08878863
1.09450589 1.10092478
1.10788625 1.11521172
1.12270954 1.13018182
1.1374316 1.14426995
1.15052271 1.15603683
1.16068583 1.16437436
1.16704166 1.1686637
1.16925409 1.16886357
1.16757817 1.16551614
1.16282367 1.15966966
1.15623961 1.15272895
1.14933602 1.14625492
1.14366853 1.14174192
1.1406164 1.14040449
1.14118577 1.14300413
1.14586609 1.14974063
1.15456029 1.16022358
1.16659865 1.17352804
1.18083433 1.18832655
1.19580701 1.20307846
1.20995119 1.21624981
1.2218196 1.2265321
1.23028966 1.23302903
1.23472361 1.23538438
1.23505954 1.23383277
1.23182021 1.22916627
1.22603845 1.22262132
1.21910985 1.21570239
1.21259358 1.20996729
1.20799002 1.20680492
1.20652664 1.20723716
1.2089829 1.21177301
1.21557905 1.22033603
1.2259447 1.2322752
1.23917166 1.24645784
1.2539435 1.26143119
1.2687234 1.27562966
1.28197339 1.28759824
1.29237376 1.29620004
1.29901136 1.30077852
1.3015099 1.30125115
1.30008357 1.29812118
1.29550657 1.29240584
1.28900258 1.28549124
1.2820702 1.27893457
1.27626918 1.27424195
1.27299782 1.27265356
1.27329355 1.27496672
1.27768484 1.28142207
1.28611588 1.29166932
1.29795448 1.30481715
1.31208231 1.31956046
1.32705442 1.33436647
1.34130541 1.34769349
1.35337277 1.35821083
1.36210552 1.36498865
1.36682843 1.36763063
1.36743837 1.36633054
1.364419 1.36184453
1.35877177 1.35538331
1.35187307 1.34843939
1.34527783 1.34257415
1.34049766 1.33919507
1.33878525 1.33935492
1.34095558 1.34360159
1.34726971 1.35189988
1.35739746 1.36363656
1.3704646 1.37770781
1.38517749 1.39267678
1.40000774 1.40697851
1.41341017 1.41914324
1.42404335 1.42800611
1.43096089 1.43287333
1.43374657 1.43362117
1.43257362 1.43071362
1.42818008 1.42513618
1.42176345 1.41825528
1.4148099 1.4116233
1.40888215 1.40675711
1.40539663 1.40492166
1.40542128 1.4069495
1.40952328 1.41312199
1.41768808 1.42312919
1.42932147 1.43611404
1.44333441 1.45079467
1.45829832 1.46564727
1.472649 1.47912348
1.48490969 1.48987133
1.49390183 1.4969281
1.49891321 1.49985768
1.49979951 1.49881278
1.49700498 1.49451316
1.491499 1.48814294
1.48463778 1.48118165
1.47797092 1.47519313
1.47302025 1.47160246
1.47106278 1.47149261
1.47294846 1.47544992
1.47897895 1.4834805
1.48886455 1.49500929
1.50176556 1.50896216
0.0138951804 0
0 0
0 0
0 0
1.049081 1.05035971
1.0502218 1.04874423
1.04605215 1.04231444
1.0377376 1.03255836
1.02703509 1.02143858
1.01604223 1.01111225
1.00689807 1.00362333
1.00147788 1.00061093
1.00112566 1.00307553
1.00646235 1.01123619
1.01729723 1.02449929
1.03265516 1.04154327
1.05091571 1.06050713
1.07004431 1.07925597
1.08788255 1.09568555
1.10245612 1.10802255
1.11225648 1.11507751
1.11645609 1.11641459
1.11502647 1.1124137
1.10874227 1.10421633
1.09907075 1.0935627
1.08796242 1.08254344
1.0775728 1.07330138
1.06995488 1.06772575
1.06676619 1.06718273
1.06903235 1.07232046
1.07700071 1.08297664
1.09010513 1.09820161
1.10704665 1.1163939
1.12597891 1.13552869
1.14477151 1.15344668
1.16131397 1.16816219
1.17381686 1.17814643
1.18106706 1.18254562
1.18260087 1.1813028
1.17877013 1.17516598
1.17069206 1.16558138
1.16008986 1.15448713
1.14904682 1.14403673
1.13970916 1.13629184
1.13397975 1.1329281
1.13324671 1.13499611
1.1381853 1.1427715
1.14866161 1.15571564
1.16375167 1.17255246
1.18187324 1.19145052
1.20101158 1.2102843
1.21900692 1.22693747
1.2338625 1.23960477
1.24402957 1.24704964
1.24862827 1.24878061
1.24757317 1.24512138
1.24158549 1.23716472
1.23209018 1.22661648
1.22101263 1.21555228
1.21050395 1.20612133
1.20263413 1.20023984
1.19909662 1.19931761
1.20096682 1.20405689
1.20854858 1.21435221
1.22133089 1.22930542
1.23806077 1.24735381
1.25692205 1.26649309
1.27579444 1.28456332
1.2925561 1.2995571
1.30538631 1.30990593
1.31302526 1.31470403
1.31495378 1.31383752
1.3114674 1.30800072
1.30363422 1.29859705
1.29314248 1.28753882
1.28205973 1.27697439
1.27253783 1.2689817
1.26650597 1.26527174
1.2653954 1.26694449
1.26993525 1.274332
1.28004849 1.28695095
1.29486295 1.30357169
1.31283572 1.32239359
1.33197329 1.34130201
1.35011598 1.35816995
1.36524603 1.37116153
1.37577553 1.37899393
1.38077288 1.38112036
1.38009582 1.37780813
1.3744116 1.37010048
1.3651019 1.35966775
1.35406561 1.34856907
1.34344797 1.33895858
1.33533449 1.3327781
1.33145341 1.33148008
1.33292913 1.33582039
1.34012179 1.34575049
1.35257589 1.36042432
1.36908528 1.37831904
1.38786524 1.39745228
1.40680709 1.41566496
1.42377907 1.43092936
1.43693047 1.44163838
1.44495564 1.44683483
1.4472803 1.44634801
1.44414349 1.44081807
1.43656342 1.43160465
1.42619222 1.42059291
1.41508024 1.40992459
1.40538352 1.40169244
1.39905618 1.39764161
1.39757163 1.39892073
1.40171235 1.405918
1.41145828 1.41820577
1.42598962 1.43460165
1.44380387 1.45333708
1.46293014 1.47230977
1.48121036 1.48938354
1.49660714 1.50269315
1.50749451 1.5109104
1.51288985 1.5134336
1.51259406 1.51047345
1.50722005 1.50302296
1.4981052 1.49271578
1.48712063 1.48159312
1.47640418 1.47181256
1.46805548 1.46534016
1.46383631 1.46367003
1.46491931 1.46761114
1.47172065 1.47717189
1.48384066 1.49155892
1.50012086 1.50929031
0.0138951804 0
0 0
0 0
0 0
1.0592892 1.06043819
1.05991581 1.05781282
1.05427692 1.04950733
1.04374771 1.03727734
1.03040108 1.02343841
1.0167119 1.01053562
1.00520387 1.00098052
0.998089552 0.996707008
0.996954628 0.998895483
1.0025317 1.00780439
1.01459577 1.02273338
1.03199633 1.0421232
1.05282151 1.06377818
1.07467085 1.08517946
1.09499777 1.10384439
1.1114729 1.11768072
1.1223164 1.12528509
1.12655191 1.12614326
1.12414583 1.12070348
1.11601211 1.11031253
1.10388188 1.09702358
1.09005645 1.08330325
1.077079 1.07167971
1.0673717 1.064382
1.06289019 1.06302195
1.06484453 1.0683643
1.07352657 1.08021752
1.08826833 1.0974612
1.10753727 1.11820585
1.12915496 1.1400625
1.15060787 1.16048352
1.16940598 1.17712611
1.18343804 1.18818656
1.19127276 1.19265754
1.19236304 1.19047185
1.18712401 1.18251201
1.17687382 1.17048435
1.16364554 1.15667553
1.14989715 1.14362636
1.13816083 1.13376925
1.13068168 1.12908121
1.12909744 1.13080177
1.13420483 1.13925613
1.14584585 1.15380879
1.16293035 1.1729542
1.18359155 1.19453154
1.20545239 1.21603305
1.22596466 1.23496176
1.24277253 1.2491878
1.25404869 1.25725221
1.25875505 1.25857511
1.25679084 1.25353844
1.24900696 1.24343148
1.23708465 1.23026687
1.22329553 1.21649351
1.21017761 1.20464713
1.2001731 1.19698854
1.19528004 1.19518109
1.19676722 1.20005332
1.20499312 1.21148081
1.21935485 1.22840385
1.23837409 1.24897871
1.25990803 1.27084065
1.28145509 1.29144129
1.30051182 1.3084122
1.31493006 1.31990281
1.32322344 1.32484444
1.32477942 1.32310273
1.31994669 1.31549687
1.30998541 1.30368267
1.29688746 1.28991635
1.28309222 1.27673265
1.27113853 1.26658318
1.26330253 1.26148665
1.26127287 1.26274087
1.2659098 1.27073759
1.27712246 1.28490659
1.2938818 1.30379705
1.31436744 1.32528453
1.33622737 1.34687409
1.35691349 1.36605622
1.37404519 1.38066486
1.38574895 1.38918647
1.39092568 1.39097596
1.38940748 1.38634869
1.38198165 1.37653553
1.37027832 1.36350721
1.35653788 1.34969317
1.34329139 1.33763495
1.33299942 1.3296236
1.327701 1.32737278
1.32872275 1.3317743
1.33648958 1.34277087
1.35046408 1.35936429
1.36922317 1.37975785
1.39066116 1.40161266
1.41229017 1.42238137
1.43159505 1.43967157
1.44639223 1.45158714
1.45514129 1.45699876
1.45716467 1.45570503
1.45274437 1.44846122
1.44308172 1.43687148
1.43012599 1.42316002
1.41629626 1.40985373
1.40413631 1.39942174
1.39595169 1.39392304
1.39348079 1.39471284
1.39764683 1.40224914
1.4084261 1.4160274
1.42485141 1.43465255
1.44515003 1.45603802
1.46699663 1.47770341
1.487845 1.49712838
1.5052914 1.51211224
1.5174174 1.52108792
1.52306367 1.52334553
1.52199533 1.51913366
1.51493549 1.5096239
1.50346206 1.49674371
1.48978264 1.48290138
1.47641958 1.4706425
1.46585007 1.46228674
1.46015275 1.4595969
1.46071116 1.46352742
1.4680163 1.47408821
1.48159662 1.49034326
1.5000853 1.51054411
0.0138951804 0
0 0
0 0
0 0
1.06498919 1.06608959
1.06542319 1.06308595
1.05923396 1.05407787
1.04787521 1.04092122
1.03353818 1.02606377
1.01883902 1.01219592
1.00644556 1.00186688
0.998696665 0.997120994
0.997268561 0.999206039
1.00293568 1.00839522
1.01546017 1.02394821
1.03362583 1.04421671
1.05541165 1.0668797
1.0782801 1.08927451
1.09953921 1.10877674
1.11672661 1.12317468
1.12796085 1.13098484
1.13220981 1.13166363
1.12943796 1.12568488
1.12061146 1.11447228
1.10756028 1.10019621
1.0927171 1.08546413
1.07877032 1.07294857
1.0682804 1.06500581
1.06331463 1.06333973
1.06515217 1.06875872
1.07410154 1.08106033
1.0894566 1.09906016
1.10959732 1.12076084
1.1322209 1.14363702
1.15467029 1.1649956
1.1743133 1.18236003
1.18891814 1.19382359
1.19697181 1.19832146
1.19789596 1.1957826
1.19212943 1.18713991
1.18106562 1.17419714
1.16685369 1.15937153
1.15209195 1.14534893
1.13945715 1.13470065
1.1313226 1.12951656
1.12941953 1.13110697
1.13459014 1.13981566
1.14666743 1.15497083
1.16449899 1.17498096
1.18611147 1.19756189
1.20899208 1.22006265
1.23044712 1.23984372
1.24798625 1.25465362
1.25967785 1.26295008
1.26442454 1.26412013
1.2621198 1.25856752
1.25366312 1.24765512
1.24083172 1.23351049
1.22602693 1.21872235
1.21193165 1.20597122
1.20112756 1.19764698
1.19572675 1.19550795
1.19707045 1.20042999
1.20553763 1.21228154
1.22049097 1.22994243
1.24036773 1.25146364
1.26290278 1.27434541
1.28545169 1.29589386
1.30536809 1.31360535
1.32038116 1.32552364
1.32891968 1.33051903
1.33033612 1.3284495
1.32499907 1.320181
1.31424068 1.30746389
1.30016652 1.2926832
1.28535524 1.27851839
1.27249068 1.26756105
1.2639789 1.26194515
1.26160498 1.2630426
1.26627827 1.27126751
1.27790274 1.28601711
1.29539057 1.30575774
1.31681747 1.32824368
1.33969711 1.35083753
1.36133594 1.37088648
1.37921739 1.38610082
1.391361 1.39488059
1.39660491 1.39654387
1.39477165 1.39142403
1.38669346 1.3808222
1.37409354 1.36682164
1.35934021 1.35199051
1.34510903 1.33901544
1.33400105 1.3303183
1.32817173 1.32771059
1.32902344 1.33213503
1.33700534 1.34353107
1.35154933 1.36084352
1.3711511 1.38217307
1.39358472 1.40504731
1.41622026 1.42677343
1.43639897 1.44482244
1.45181263 1.45718995
1.46083284 1.46268216
1.46274336 1.46108619
1.4578423 1.45320041
1.44739958 1.44072057
1.43347575 1.42599787
1.41862803 1.41170348
1.40554542 1.40044748
1.39666512 1.39440646
1.39382477 1.39501297
1.39800028 1.40275117
1.40916662 1.41708772
1.42630136 1.4365479
1.44753055 1.458926
1.4703961 1.4816
1.49220644 1.50190566
1.51042056 1.51751665
1.52301052 1.52677642
1.52875078 1.52893454
1.52739307 1.52425381
1.51970176 1.51397272
1.50734487 1.50012874
1.49265604 1.4852677
1.47830163 1.47208052
1.46690027 1.4630193
1.46064928 1.4599475
1.46101119 1.46387405
1.46850504 1.47480944
1.48263235 1.49176419
1.50194827 1.51289003
0.0138951804 0
0 0
0 0
0 0
0 0
0 0
0 0
0 0
0 0
0 0
0 0
0 0
0 0
0 0
0 0
0 0
0 0
0 0
0 0
0 0
0 0
0 0
0 0
0 0
0 0
0 0
0 0
0 0
0 0
0 0
0 0
0 0
0 0
0 0
0 0
0 0
0 0
0 0
0 0
0 0
0 0
0 0
0 0
0 0
0 0
0 0
0 0
0 0
0 0
0 0
0 0
0 0
0 0
0 0
0 0
0 0
0 0
0 0
0 0
0 0
0 0
0 0
0 0
0 0
0 0
0 0
0 0
0 0
0 0
0 0
0 0
0 0
0 0
0 0
0 0
0 0
0 0
0 0
0 0
0 0
0 0
0 0
0 0
0 0
0 0
0 0
0 0
0 0
0 0
0 0
0 0
0 0
0 0
0 0
0 0
0 0
0 0
0 0
0 0
0 0
0 0
0 0
0 0
0 0
0 0
0 0
0 0
0 0
0 0
0 0
0 0
0 0
0 0
0 0
0 0
0 0
0 0
0 0
0 0
0 0
0 0
0 0
0 0
0 0
0 0
0 0
0 0
0 0
0 0
0 0
0 0
0 0
0 0
0 0
0 0
0 0
0 0
0 0
0 0
0 0
0 0
0 0
0 0
0 0
0 0
0 0
0 0
0 0
0 0
0 0
0 0
0 0
0 0
0 0
0 0
0 0
0 0
0 0
0 0
0 0
0 0
0 0
0 0
0 0
0 0
0 0
0 0
0 0
0 0
0 0
0 0
0 0
0 0
0 0
0 0
0 0
0 0
0 0
0 0
0 0
0 0
0 0
0 0
0 0
0 0
0 0
0 0
0 0
0 0
0 0
0 0
0 0
0 0
0 0
0 0
0 0
0 0
0 0
0 0
0 0
0 0
0 0
0 0
0 0
0 0
0 0
0 0
0 0
0 0
0 0
0 0
0 0
0 0
0 0
0 0
0 0
0 0
0 0
0 0
0 0
0 0
0 0
0 0
0 0
0 0
0 0
0 0
0 0
0 0
0 0
0 0
0 0
0 0
0 0
0 0
0 0
0 0
0 0
0 0
0 0
0 0
0 0
0 0
0 0
0 0
0 0
0 0
0 0
0 0
0 0
0 0
0 0
0 0
0 0
0 0
0 0
0 0
0 0
0 0
0 0
0 0
0 0
0 0
0 0
0 0
0 0
0 0
0 0
0.998856267 1.00196441
1.00385881 1.0056899
1.0074636 1.00918788
1.01087254 1.01252876
1.01416876 1.01580534
1.01745141 1.01911954
1.02082151 1.02256786
1.02436757 1.02622766
1.028153 1.0301461
1.03220706 1.03433352
1.03652078 1.03876193
1.04104815 1.04336899
1.04571274 1.04806686
1.05041846 1.05275471
1.05506334 1.05733307
1.05955402 1.06171807
1.06381914 1.06585342
1.06781952 1.06971849
1.07155381 1.07333126
1.07505868 1.07674575
1.07840357 1.08004429
1.08168068 1.08332568
1.08499189 1.08669115
1.08843411 1.09022986
1.09208557 1.09400627
1.09599464 1.09805094
1.10017299 1.10235623
1.10459391 1.10687733
1.10919613 1.11153868
1.1138925 1.11624469
1.1185824 1.12089332
1.12316609 1.1253907
1.12755891 1.1296645
1.13170348 1.13367431
1.13557785 1.13741744
1.13919868 1.14092929
1.14261882 1.14427829
1.14591979 1.14755607
1.14920006 1.1508644
1.152561 1.15430062
1.15609244 1.1579438
1.15985987 1.16184351
1.16389514 1.16601275
1.16819194 1.17042611
1.17270667 1.17502338
1.17736469 1.17971814
1.18207085 1.18440997
1.18672313 1.18899887
1.19122711 1.19339946
1.19550954 1.19755322
1.19952878 1.20143692
1.20328079 1.20506586
1.2067997 1.20849175
1.21015293 1.21179527
1.2134315 1.21507454
1.21673707 1.21843107
1.22016738 1.22195532
1.22380235 1.22571381
1.22769271 1.22973967
1.23185281 1.23402792
1.23625853 1.23853619
1.24085076 1.24319075
1.24554377 1.24789695
1.25023742 1.25255275
1.25483143 1.25706325
1.2592397 1.26135426
1.26340264 1.26538293
1.26729567 1.26914386
1.27093279 1.27266991
1.27436452 1.27602747
1.27767072 1.27930696
1.28094911 1.28260989
1.28430133 1.28603438
1.28781847 1.28966121
1.29156807 1.29354225
1.29558451 1.29769317
1.29986416 1.30209118
1.30436589 1.30667825
1.30901687 1.3113694
1.31372299 1.31606474
1.3183822 1.32066376
1.32289913 1.32507965
1.32719867 1.32925173
1.33123675 1.33315412
1.33500664 1.33679947
1.33853991 1.34023715
1.34190192 1.34354614
1.34518244 1.34682377
1.34848286 1.3501718
1.35190164 1.35368192
1.35552037 1.35742265
1.35939211 1.36142967
1.36353383 1.36570068
1.36792406 1.37019577
1.37250588 1.37484306
1.37719504 1.37954897
1.38189195 1.38421148
1.38649588 1.38873474
1.39091931 1.39304276
1.39510049 1.39709025
1.39901225 1.40086914
1.40266591 1.40440971
1.40610962 1.40777627
1.40942152 1.41105796
1.41269852 1.41435597
1.41604247 1.41776914
1.41954564 1.42137985
1.42327757 1.4252423
1.42727516 1.4293748
1.43153747 1.43375717
1.43602583 1.43833363
1.44066933 1.44302068
1.4453749 1.44771905
1.45004059 1.45232777
1.4545701 1.45675867
1.45888654 1.46094893
1.46294343 1.46487008
1.46673135 1.46853208
1.47027929 1.47198192
1.47365052 1.47529685
1.47693349 1.47857335
1.48022922 1.48191334
1.48363688 1.48540965
1.48723964 1.4891328
1.49109282 1.49312097
1.49521607 1.49737454
1.49959052 1.50185609
1.50415816 1.50873211
0.013890267 0
0 0
0 0
0 0
1.01616171 1.01973256
1.02093233 1.02163066
1.02187439 1.02172673
1.02126498 1.02057775
1.01976175 1.01891833
1.01814983 1.0175559
1.0172299 1.01725553
1.01770387 1.01863075
1.02007481 1.02205604
1.02457514 1.0276134
1.03113347 1.03508063
1.03938481 1.04396307
1.04872262 1.05356413
1.05838534 1.0630847
1.06756507 1.07173717
1.07552282 1.07885775
1.08169393 1.08400124
1.08576864 1.08700449
1.0877363 1.08800971
1.08788687 1.08744417
1.08676954 1.08595923
1.0851144 1.08433744
1.08372829 1.08338086
1.08337963 1.08379665
1.08468887 1.08609617
1.08803988 1.09052203
1.09352526 1.09701347
1.1009331 1.10521504
1.10977718 1.1145273
1.11936641 1.12419234
1.12890337 1.13340192
1.13759808 1.1414128
1.14478076 1.14765273
1.14999733 1.15180215
1.15307422 1.15383974
1.15414313 1.15404546
1.15362224 1.15296067
1.15215655 1.15131081
1.15052586 1.14990194
1.14953349 1.14950576
1.14989172 1.15074947
1.15212012 1.15402631
1.15647144 1.15943946
1.16289556 1.16678731
1.17104663 1.1755922
1.18033241 1.18516863
1.18999878 1.194721
1.19923731 1.20345715
1.20730062 1.21070137
1.21360899 1.21599081
1.21783309 1.2191415
1.21994093 1.22027461
1.22020249 1.21979916
1.21915112 1.21835367
1.2175075 1.21671505
1.21607682 1.21568777
1.21563388 1.21598907
1.21681255 1.21814665
1.22001535 1.22242337
1.22535602 1.22877975
1.23264329 1.23687959
1.24140816 1.24613799
1.25097082 1.25580471
1.26053764 1.26507127
1.26931441 1.27318631
1.27661961 1.27956271
1.28198169 1.28386144
1.28520632 1.28603988
1.28640412 1.28635791
1.2859749 1.28534084
1.28455055 1.28370446
1.28290499 1.28225291
1.28184367 1.28176398
1.28208869 1.2828781
1.28417577 1.28600699
1.28837784 1.29127496
1.29466606 1.29850108
1.30271397 1.30722509
1.31194406 1.31677302
1.32161014 1.32635332
1.33090383 1.33516987
1.33906988 1.34253547
1.3455139 1.34796996
1.34988722 1.35126867
1.35213657 1.35253166
1.35251171 1.35214942
1.35152981 1.35074717
1.34990164 1.34909564
1.34843017 1.34800116
1.34789603 1.34819055
1.3489461 1.35020747
1.35200124 1.35433485
1.35719628 1.36055452
1.36436069 1.36854979
1.37304303 1.37775067
1.38257525 1.38741512
1.39216807 1.39673501
1.40102356 1.40495134
1.40844898 1.41146257
1.41395562 1.4159104
1.41732854 1.41823096
1.41865719 1.41866385
1.4183227 1.41771799
1.41694348 1.41609901
1.41528698 1.41460858
1.41416022 1.41403001
1.41429463 1.41501654
1.41624174 1.4179981
1.42029441 1.42311999
1.42644514 1.43022216
1.43438708 1.438862
1.44355784 1.44837756
1.45321969 1.45798192
1.46256485 1.46687551
1.47083073 1.47436015
1.47740872 1.47993869
1.481931 1.48338592
1.48432306 1.48478069
1.48481432 1.48449471
1.48390535 1.48313945
1.48229654 1.48147895
1.48078809 1.48032081
1.4801659 1.48040093
1.48108942 1.48227857
1.48399757 1.48625653
1.48904613 1.49233795
1.49608549 1.50022587
1.50410169 1.50891536
0.013890267 0
0 0
0 0
0 0
1.03288949 1.03606063
1.03653646 1.0360572
1.03471209 1.03262151
1.0299327 1.02681442
1.02345087 1.02003511
1.01676205 1.01382147
1.01139121 1.0096307
1.00867529 1.00863137
1.00957248 1.01153674
1.01452544 1.01850298
1.02339821 1.02910691
1.0354956 1.04240632
1.04966234 1.05707448
1.06444794 1.07158933
1.07831361 1.08445073
1.0898518 1.09439441
1.09798704 1.10057237
1.10212935 1.1026739
1.10225842 1.10096984
1.09892653 1.096274
1.09317971 1.08982702
1.08640857 1.08311938
1.08014981 1.07767874
1.07586707 1.07485201
1.07474205 1.07561316
1.07750595 1.08042428
1.08433511 1.08916965
1.0948259 1.10117225
1.10805227 1.11529033
1.12269789 1.13008034
1.13724395 1.14400287
1.15018582 1.15564225
1.16024776 1.16390858
1.16656492 1.16819317
1.1688067 1.16845542
1.16722395 1.1652286
1.16261316 1.15954376
1.15620285 1.15278265
1.14947825 1.14648056
1.14396945 1.1421073
1.14103309 1.14085748
1.14165877 1.14348011
1.14632792 1.15017169
1.15494506 1.16054822
1.16685147 1.17369994
1.18091913 1.18832119
1.19571168 1.2028966
1.20968934 1.2159174
1.22142859 1.22609656
1.22982527 1.23255251
1.23425209 1.23493485
1.23464817 1.23347437
1.23152768 1.22895013
1.2259065 1.22257829
1.21915729 1.2158386
1.21281365 1.2102633
1.20835133 1.20721851
1.20697763 1.20770932
1.20945923 1.21223637
1.21601277 1.22072448
1.22627392 1.23253333
1.23934941 1.24654882
1.25394442 1.26134203
1.26854737 1.27537309
1.28164551 1.28721086
1.29194082 1.29573712
1.29853512 1.30030611
1.30105831 1.30083664
1.29972106 1.29782371
1.29528485 1.29226786
1.28895329 1.28553243
1.28220037 1.27914904
1.27656024 1.27459912
1.27340825 1.27310247
1.27376478 1.27544332
1.27814965 1.28185836
1.28650795 1.29200305
1.29821788 1.30500073
1.31217945 1.31956767
1.32697145 1.3341963
1.34105417 1.34737021
1.35298909 1.35778056
1.36164415 1.36451278
1.3663552 1.36717706
1.36702078 1.36596397
1.36411664 1.36161726
1.35862778 1.35532777
1.35190799 1.3485635
1.34548667 1.34286021
1.34085063 1.33960226
1.33923199 1.33982515
1.34143236 1.34406777
1.3477085 1.3522955
1.35773566 1.36390517
1.37065396 1.3778111
1.385191 1.39260001
1.39984346 1.40673263
1.41309155 1.41876333
1.42361583 1.42754637
1.43048548 1.43239936
1.43329109 1.43320058
1.43220306 1.43040642
1.42794731 1.4249862
1.42170168 1.41828392
1.41492792 1.41182647
1.40916315 1.40710582
1.40580051 1.40536617
1.40589042 1.40742638
1.40999074 1.41356321
1.41808717 1.4234718
1.42959526 1.43630916
1.44344383 1.45081446
1.45822776 1.4654889
1.47240852 1.47880956
1.48453361 1.48944664
1.49344381 1.49645323
1.49843858 1.49940038
1.499376 1.4984383
1.496693 1.49427492
1.49134306 1.48807494
1.48466014 1.48129358
1.47816838 1.47546903
1.47336464 1.47200296
1.47150497 1.47196057
1.47342536 1.47591859
1.47942251 1.483883
1.4892115 1.4952882
1.50108308 1.5085678
0.013890267 0
0 0
0 0
0 0
1.04686041 1.0497136
1.04961079 1.0481903
1.04557524 1.04193172
1.03746285 1.03240145
1.02700168 1.02152987
1.01625494 1.01143872
1.00732654 1.00413839
1.002061 1.00124111
1.00178022 1.00373092
1.00709496 1.01182327
1.01781764 1.02493432
1.03298913 1.04176417
1.05101559 1.06048239
1.06989584 1.07898912
1.08750692 1.09521466
1.10190692 1.10741481
1.11161207 1.11441962
1.1158084 1.11580041
1.11446791 1.11193085
1.10835253 1.10393371
1.09890543 1.09352063
1.08804511 1.08274793
1.07789171 1.07372323
1.07046451 1.0683048
1.06739382 1.06783635
1.06968844 1.07295541
1.07759166 1.08350232
1.09054662 1.09854302
1.1072757 1.11650234
1.12596284 1.13538869
1.14451261 1.15307821
1.16084918 1.16761782
1.17321249 1.17750382
1.18040934 1.18189645
1.18198363 1.1807397
1.17828143 1.17476928
1.17040164 1.16540768
1.16003914 1.15456121
1.14924304 1.14434802
1.14012432 1.13679593
1.13455463 1.13355307
1.13389928 1.13565279
1.13882247 1.14336621
1.14919247 1.15616352
1.16410047 1.17278962
1.18199022 1.19144312
1.20088007 1.2100334
1.21864566 1.22647886
1.23332305 1.23900388
1.24338888 1.24639221
1.24797775 1.24816042
1.24700563 1.24462692
1.2411819 1.23686654
1.23190813 1.22655712
1.22107808 1.2157402
1.21080758 1.20652973
1.2031326 1.20081045
1.19971883 1.19996901
1.20162399 1.20469616
1.20914695 1.21488814
1.22178509 1.22966155
1.23830601 1.24747933
1.25692333 1.26637008
1.27555158 1.28420935
1.29210375 1.29902266
1.30478901 1.30926727
1.31236823 1.31405226
1.31433075 1.31326564
1.31096726 1.30759032
1.30332833 1.29840667
1.29307448 1.28759563
1.28223932 1.27727029
1.27293939 1.26947447
1.26707221 1.26589107
1.26604553 1.26760203
1.27057651 1.27493392
1.28058941 1.28741139
1.29522634 1.30382495
1.31296974 1.32240354
1.33185882 1.34106723
1.34976935 1.35772394
1.3647167 1.37056792
1.375139 1.3783374
1.38011999 1.38049459
1.3795197 1.37730239
1.37399446 1.36978693
1.36490324 1.35959113
1.35411378 1.3487403
1.34373609 1.33935324
1.33582146 1.33333987
1.33206976 1.33212882
1.33358692 1.33646355
1.34072717 1.3462963
1.35304249 1.36079491
1.36934653 1.37846154
1.38788387 1.39734636
1.40658044 1.41532574
1.42333948 1.43040523
1.43634065 1.44100411
1.44429974 1.44618092
1.44665191 1.44576776
1.44363226 1.44039425
1.43624227 1.43139774
1.42610698 1.42063242
1.41524307 1.41020489
1.40577119 1.40217354
1.39961338 1.39825487
1.39821887 1.39957866
1.40235728 1.40652672
1.41200888 1.41867845
1.42636735 1.43487083
1.44395483 1.45336438
1.4628328 1.47209128
1.48087859 1.48895044
1.49608829 1.50210723
1.50686261 1.51025525
1.51223503 1.51280269
1.51200977 1.50995679
1.50678963 1.50269427
1.49789008 1.49262195
1.48715148 1.48174754
1.47667661 1.47219319
1.46853062 1.4658927
1.46444637 1.46431566
1.46557725 1.46825773
1.47233261 1.4777272
1.48431933 1.49194372
1.49927247 1.50889199
0.013890267 0
0 0
0 0
0 0
1.05701848 1.05898222
1.05851892 1.05651204
1.0531058 1.04849479
1.04291693 1.03664497
1.02997663 1.02322389
1.01670178 1.01071702
1.00555701 1.00147942
0.998703021 0.997399706
0.997688373 0.999630613
1.00322851 1.00842454
1.01510369 1.02309754
1.03219036 1.04212687
1.05262143 1.06336831
1.07405268 1.08436198
1.09399716 1.10268341
1.11018008 1.11628934
1.12086328 1.12380928
1.12509328 1.12474104
1.12283724 1.11952238
1.11498774 1.10946852
1.10323534 1.09658454
1.08982745 1.08327928
1.07724767 1.0720217
1.06786144 1.06498862
1.0635786 1.06375412
1.06558085 1.06906502
1.07415323 1.0807343
1.08864338 1.09766777
1.10755467 1.1180202
1.12875969 1.13945858
1.14980379 1.15949496
1.16825527 1.17584142
1.18205234 1.18673648
1.18979724 1.19119643
1.19095568 1.18915563
1.18593306 1.18147594
1.17601666 1.1698237
1.16319193 1.15643203
1.14985927 1.14378221
1.13849155 1.13424968
1.13128128 1.12976515
1.12982784 1.13153909
1.13490929 1.13988912
1.14637133 1.1541946
1.16314935 1.17298525
1.18342029 1.19415087
1.20486277 1.21524243
1.22498825 1.23382146
1.24149611 1.24780797
1.25260184 1.25577717
1.25729166 1.25716278
1.25546715 1.25233778
1.2479593 1.24256126
1.23640994 1.22979871
1.22303751 1.21644166
1.21032055 1.20496646
1.20064407 1.19758095
1.19595932 1.19590953
1.19750535 1.20076133
1.20563227 1.21201484
1.2197513 1.22863518
1.23841873 1.24882181
1.25954196 1.27026536
1.28067801 1.29047714
1.29938206 1.30714423
1.31355627 1.31845938
1.32174908 1.32337895
1.32336231 1.32177174
1.31873647 1.31443773
1.30910222 1.30299396
1.29640477 1.28964379
1.28302635 1.27686259
1.27144635 1.26704455
1.26388759 1.26216109
1.26199916 1.26347963
1.26662118 1.27138273
1.27766489 1.28531353
1.29412536 1.30385521
1.31422486 1.32493307
1.33566644 1.34611063
1.35596171 1.36493713
1.37278582 1.37929728
1.38430913 1.38771298
1.38945829 1.38955424
1.38806935 1.38512906
1.38091116 1.37563945
1.36957565 1.36300999
1.35625076 1.34961322
1.34340824 1.33793114
1.33345103 1.33020114
1.32837041 1.32809673
1.32946193 1.33248884
1.33714053 1.34332153
1.35088139 1.35961998
1.36929477 1.37962954
1.39032431 1.40106613
1.41154038 1.42144205
1.43048676 1.43842095
1.44503104 1.45015111
1.45366886 1.45552966
1.45573853 1.45435993
1.45151547 1.44737949
1.44217285 1.43615492
1.42961428 1.42285832
1.41620218 1.40995741
1.40442075 1.39986346
1.39652154 1.39458726
1.39420222 1.39545225
1.39836436 1.40290571
1.40898484 1.41645493
1.42511911 1.43473752
1.44503596 1.45571576
1.46646453 1.47696737
1.48691825 1.49603103
1.50404969 1.51075761
1.51598535 1.51961674
1.52159306 1.52191516
1.52064344 1.51789564
1.51384266 1.50870233
1.50273167 1.49621753
1.48946636 1.48279313
1.47651 1.47091509
1.46628176 1.46284874
1.46081159 1.4603156
1.46145061 1.46424775
1.46867833 1.47465487
1.48203425 1.49062286
1.49889982 1.51013902
0.013890267 0
0 0
0 0
0 0
1.06409711 1.06580465
1.06513896 1.06280318
1.05895335 1.0538
1.04760057 1.04065015
1.03327087 1.02580027
1.01857921 1.01193954
1.00619221 1.00161602
0.998447659 0.996873114
0.997021022 0.998958024
1.00268637 1.00814384
1.01520597 1.02369055
1.03336418 1.04395064
1.05514089 1.06660414
1.07799976 1.08898958
1.09925002 1.10848376
1.11643042 1.12287597
1.12766037 1.13068339
1.1319082 1.13136268
1.12913843 1.12538746
1.12031675 1.11418076
1.10727231 1.099912
1.0924367 1.08518743
1.07849708 1.07267838
1.06801275 1.06474006
1.06305006 1.06307555
1.06488758 1.06849289
1.07383368 1.08078971
1.08918256 1.09878215
1.10931493 1.12047378
1.13192903 1.14334036
1.15436903 1.16469005
1.17400392 1.1820474
1.18860294 1.19350657
1.19665376 1.1980032
1.1975783 1.1954663
1.1918152 1.18682836
1.18075723 1.17389228
1.16655257 1.15907422
1.15179836 1.14505882
1.13917013 1.1344162
1.1310401 1.1292353
1.12913871 1.1308258
1.13430779 1.13953133
1.14638038 1.15468041
1.16420464 1.17468225
1.1858081 1.19725371
1.20867912 1.21974505
1.23012521 1.23951795
1.24765719 1.25432193
1.25934428 1.26261544
1.26408963 1.26378576
1.26178674 1.25823648
1.25333472 1.24732985
1.24050996 1.23319247
1.22571272 1.21841188
1.21162468 1.20566736
1.20082631 1.19734773
1.19542878 1.19521049
1.19677269 1.2001311
1.20523683 1.21197807
1.22018417 1.22963173
1.2400527 1.25114396
1.2625783 1.27401614
1.28511777 1.29555561
1.30502593 1.31325985
1.32003299 1.32517354
1.32856844 1.33016747
1.32998504 1.32809969
1.32465124 1.31983576
1.31389854 1.30712524
1.2998316 1.29235209
1.28502788 1.27819454
1.27216998 1.267243
1.2636629 1.26163048
1.26129087 1.26272825
1.26596285 1.27095023
1.27758283 1.28569392
1.29506352 1.30542638
1.31648148 1.3279029
1.33935153 1.35048728
1.36098133 1.37052793
1.37885546 1.38573617
1.39099437 1.39451277
1.3962367 1.3961761
1.39440509 1.39105939
1.38633138 1.3804632
1.373738 1.36646982
1.3589922 1.35164625
1.34476831 1.33867791
1.3336662 1.32998554
1.32784036 1.32737983
1.32869249 1.33180307
1.33667157 1.34319474
1.35120975 1.36050011
1.37080341 1.38182077
1.39322763 1.40468541
1.41585369 1.42640247
1.43602404 1.44444409
1.45143151 1.45680679
1.46044843 1.46229732
1.46235889 1.46070288
1.45746087 1.4528215
1.44702371 1.44034814
1.43310703 1.42563295
1.41826687 1.41134588
1.40519104 1.40009583
1.3963156 1.39405837
1.39347736 1.39466542
1.39765178 1.40240091
1.40881385 1.41673175
1.4259416 1.43618388
1.44716194 1.45855261
1.4700179 1.48121711
1.49181914 1.50151435
1.51002579 1.51711906
1.52261084 1.52637543
1.5283493 1.52853338
1.52699301 1.52385559
1.51930601 1.51357998
1.50695555 1.49974312
1.49227422 1.48488965
1.47792716 1.47170929
1.46653181 1.46265301
1.46028448 1.45958343
1.46064704 1.46350901
1.46813829 1.47444023
1.48225998 1.49138807
1.50154955 1.51212108
0.013890267 0
0 0
0 0
0 0
0 0
0 0
0 0
0 0
0 0
0 0
0 0
0 0
0 0
0 0
0 0
0 0
0 0
0 0
0 0
0 0
0 0
0 0
0 0
0 0
0 0
0 0
0 0
0 0
0 0
0 0
0 0
0 0
0 0
0 0
0 0
0 0
0 0
0 0
0 0
0 0
0 0
0 0
0 0
0 0
0 0
0 0
0 0
0 0
0 0
0 0
0 0
0 0
0 0
0 0
0 0
0 0
0 0
0 0
0 0
0 0
0 0
0 0
0 0
0 0
0 0
0 0
0 0
0 0
0 0
0 0
0 0
0 0
0 0
0 0
0 0
0 0
0 0
0 0
0 0
0 0
0 0
0 0
0 0
0 0
0 0
0 0
0 0
0 0
0 0
0 0
0 0
0 0
0 0
0 0
0 0
0 0
0 0
0 0
0 0
0 0
0 0
0 0
0 0
0 0
0 0
0 0
0 0
0 0
0 0
0 0
0 0
0 0
0 0
0 0
0 0
0 0
0 0
0 0
0 0
0 0
0 0
0 0
0 0
0 0
0 0
0 0
0 0
0 0
0 0
0 0
0 0
0 0
0 0
0 0
0 0
0 0
0 0
0 0
0 0
0 0
0 0
0 0
0 0
0 0
0 0
0 0
0 0
0 0
0 0
0 0
0 0
0 0
0 0
0 0
0 0
0 0
0 0
0 0
0 0
0 0
0 0
0 0
0 0
0 0
0 0
0 0
0 0
0 0
0 0
0 0
0 0
0 0
0 0
0 0
0 0
0 0
0 0
0 0
0 0
0 0
0 0
0 0
0 0
0 0
0 0
0 0
0 0
0 0
0 0
0 0
0 0
0 0
0 0
0 0
0 0
0 0
0 0
0 0
0 0
0 0
0 0
0 0
0 0
0 0
0 0
0 0
0 0
0 0
0 0
0 0
0 0
0 0
0 0
0 0
0 0
0 0
0 0
0 0
0 0
0 0
0 0
0 0
0 0
0 0
0 0
0 0
0 0
0 0
0 0
0 0
0 0
0 0
0 0
0 0
0 0
0 0
0 0
0 0
0 0
0 0
0 0
0 0
0 0
0 0
0 0
0 0
0 0
0 0
0 0
0 0
0 0
0 0
0 0
0 0
0 0
0 0
0 0
0 0
0 0
0 0
0 0
0 0
0 0
0 0
0 0
0 0
0 0
0 0
0.997714556 1.0019019
1.00370733 1.00539358
1.00697323 1.00846114
1.00987544 1.01123692
1.01256827 1.01389325
1.01523585 1.01661942
1.01806583 1.01959467
1.0212226 1.02296267
1.02482393 1.02681105
1.0289242 1.03115901
1.03350672 1.03595454
1.03848606 1.04108186
1.04372019 1.0463778
1.0490307 1.05165509
1.05422818 1.05672903
1.05913928 1.06144385
1.06363147 1.06569505
1.06763202 1.06944433
1.07113844 1.07272506
1.0742188 1.07563757
1.07700201 1.0783347
1.07965935 1.08099996
1.08237996 1.08382133
1.08534388 1.08696445
1.0886964 1.09054904
1.09252737 1.09463187
1.09685847 1.09919872
1.10164009 1.1041664
1.10675842 1.10939455
1.11205158 1.11470558
1.1173327 1.11991004
1.12241651 1.12483357
1.12714588 1.12934188
1.13141421 1.13335995
1.13518076 1.13688278
1.13847645 1.1399761
1.14139944 1.14276695
1.14410109 1.14542552
1.14676426 1.14814079
1.14957723 1.15109356
1.15270685 1.15443071
1.15627476 1.1582443
1.16034012 1.16255848
1.16489121 1.16732606
1.16984707 1.1724352
1.175069 1.17772536
1.18038034 1.18301006
1.18559156 1.18810357
1.19052736 1.19284735
1.1950517 1.19713276
1.19908729 1.20091662
1.2026266 1.20422738
1.20573303 1.20716105
1.20853173 1.20986744
1.21119177 1.21252874
1.21390191 1.21533352
1.21684371 1.21844978
1.22016561 1.22200109
1.22396185 1.22604898
1.22825905 1.2305842
1.23301243 1.23552805
1.2381122 1.24074357
1.24339912 1.24605497
1.2486872 1.25127274
1.25379021 1.25622065
1.25854827 1.26076094
1.26285071 1.26481402
1.26665191 1.2683699
1.26997786 1.27148958
1.27292237 1.27429634
1.27563373 1.27695808
1.2782934 1.27966332
1.28109019 1.28259432
1.28419325 1.28590109
1.28772803 1.28968
1.29175842 1.29396017
1.29627768 1.29869924
1.30120937 1.30378943
1.30641825 1.30907289
1.31172949 1.31436411
1.3169536 1.31947643
1.32191346 1.32424863
1.32646959 1.32856805
1.33054016 1.33238663
1.33411268 1.33572787
1.33724576 1.33868341
1.34006077 1.34139995
1.34272444 1.34405823
1.345425 1.34684723
1.3483454 1.34993725
1.35163714 1.35345558
1.35539877 1.35746847
1.35966185 1.36197167
1.36438647 1.36689103
1.3694669 1.37209306
1.37474667 1.37740391
1.38004081 1.38263415
1.38516224 1.38760577
1.38994846 1.39217765
1.39428478 1.39626569
1.39812077 1.39985492
1.40147741 1.40300155
1.40444417 1.40582502
1.40716611 1.40849084
1.40982322 1.41118696
1.41260465 1.41409693
1.41568176 1.41737377
1.41918373 1.42111816
1.42317911 1.4253641
1.42766616 1.43007413
1.43257303 1.43514461
1.437768 1.44042047
1.44307823 1.4457173
1.44831438 1.45084765
1.4532976 1.45564773
1.45788512 1.46000091
1.46199062 1.46385432
1.46559662 1.46722649
1.46875695 1.47020462
1.47158908 1.47293219
1.47425728 1.47558835
1.47694917 1.47836242
1.47984891 1.4814268
1.48311098 1.48491248
1.48683816 1.48889036
1.49106692 1.49336117
1.49576223 1.49825538
1.50074308 1.50746689
0.0138869508 0
0 0
0 0
0 0
1.01430627 1.01925617
1.02068598 1.02138456
1.02162883 1.02148196
1.02102121 1.02033511
1.01952034 1.01867817
1.01791088 1.01731804
1.01699297 1.01701931
1.01746808 1.01839509
1.01983894 1.02181962
1.02433781 1.02737484
1.03089336 1.03483871
1.03914084 1.04371688
1.04847409 1.05331323
1.05813207 1.06282916
1.06730739 1.07147754
1.0752615 1.07859503
1.08143011 1.08373667
1.08550365 1.08673941
1.08747146 1.08774539
1.08762332 1.08718161
1.0865081 1.08569902
1.08485544 1.08407969
1.08347164 1.08312516
1.08312465 1.08354212
1.08443449 1.08584161
1.08778479 1.09026606
1.09326808 1.09675477
1.10067259 1.1049525
1.10951243 1.11426022
1.11909696 1.12392052
1.12862926 1.13312567
1.13731987 1.14113287
1.14449941 1.14737026
1.14971408 1.15151845
1.15279042 1.15355614
1.15386004 1.15376314
1.15334089 1.15268044
1.15187754 1.15103304
1.15024931 1.14962651
1.14925902 1.14923202
1.14961846 1.15047637
1.15184686 1.15375255
1.15619682 1.15916366
1.16261825 1.16650822
1.17076552 1.1753089
1.18004679 1.18488063
1.18970841 1.19442834
1.19894248 1.20316035
1.20700209 1.21040139
1.21330787 1.21568888
1.21753069 1.21883897
1.2196386 1.21997276
1.21990139 1.21949902
1.21885209 1.21805586
1.21721094 1.21641971
1.21578261 1.21539452
1.21534138 1.21569707
1.21652074 1.2178547
1.21972292 1.22213011
1.2250616 1.22848384
1.23234562 1.23657992
1.2411063 1.24583381
1.25066427 1.25549578
1.26022642 1.26475787
1.26899902 1.27286917
1.276301 1.27924294
1.28166108 1.28354035
1.28488507 1.28571881
1.28608352 1.28603804
1.28565596 1.28502302
1.28423394 1.2833891
1.28259085 1.28193991
1.28153164 1.28145272
1.28177794 1.28256756
1.28386513 1.28569589
1.28806593 1.29096191
1.29435155 1.29818482
1.30239573 1.30690467
1.31162134 1.31644792
1.32128267 1.32602354
1.33057186 1.33483589
1.33873413 1.34219823
1.34517548 1.34763068
1.34954743 1.3509287
1.35179675 1.35219229
1.35217306 1.3518117
1.35119319 1.35041175
1.34956748 1.34876271
1.34809838 1.34767036
1.34756601 1.34786106
1.34861685 1.34987813
1.35167147 1.35400429
1.3568646 1.3602214
1.36402585 1.36821298
1.37270405 1.37740939
1.3822316 1.3870691
1.39181973 1.39638447
1.400671 1.404597
1.40809312 1.4111055
1.41359768 1.41555192
1.41696986 1.41787241
1.41829907 1.41830643
1.4179662 1.41736258
1.41658926 1.41574605
1.41493524 1.41425799
1.41381063 1.41368123
1.4139464 1.41466857
1.4158937 1.41764965
1.4199452 1.42276969
1.42609342 1.42986873
1.4340317 1.43850446
1.44319801 1.44801536
1.45285511 1.45761502
1.46219574 1.46650437
1.47045779 1.47398567
1.47703301 1.47956208
1.48155383 1.48300852
1.48394578 1.48440381
1.48443812 1.48411942
1.48353114 1.48276643
1.48192477 1.48110842
1.48041872 1.47995245
1.47979836 1.48003396
1.48072272 1.48191183
1.48363044 1.48588867
1.48867719 1.49196762
1.49571348 1.49977937
1.50325782 1.50852382
0.0138869508 0
0 0
0 0
0 0
1.03094326 1.03538933
1.03610085 1.03566229
1.03437209 1.03234866
1.02973682 1.02670256
1.02342706 1.02010019
1.01691369 1.01405422
1.01169668 1.0099979
1.00909101 1.00908064
1.01003913 1.01200398
1.01497645 1.01892153
1.02376923 1.02941705
1.0357337 1.04256381
1.04973355 1.05705684
1.06434209 1.07139909
1.07804581 1.08411502
1.08946026 1.09396113
1.09752762 1.10010334
1.10166759 1.10223603
1.1018602 1.10062561
1.09864867 1.09607252
1.09306186 1.08979703
1.08646752 1.08326516
1.08037717 1.07797949
1.0762304 1.07526482
1.07518951 1.07607914
1.07797369 1.08087695
1.08475641 1.08954443
1.09514065 1.10141565
1.10821557 1.11536764
1.12268644 1.12998053
1.13705937 1.14374017
1.14985446 1.15525415
1.15981689 1.16345044
1.16609601 1.16773036
1.16836666 1.16805397
1.16687555 1.16494578
1.16240611 1.15941993
1.15616669 1.15283546
1.14961814 1.14670249
1.14426543 1.14246668
1.14144294 1.14130304
1.14212401 1.14394828
1.14678217 1.15059568
1.15532352 1.16086753
1.16710014 1.17386903
1.18100254 1.18831591
1.19561792 1.20271773
1.20943179 1.21559044
1.221044 1.22566817
1.2293685 1.2320838
1.23378832 1.2344927
1.23424356 1.23312186
1.23123995 1.22873755
1.22577671 1.22253597
1.21920395 1.21597258
1.21303012 1.21055446
1.2087067 1.20762532
1.20742121 1.20817372
1.20992774 1.21269213
1.21643936 1.22110657
1.22659774 1.23278723
1.23952425 1.2466383
1.25394534 1.26125434
1.26837423 1.27512073
1.28132302 1.28682984
1.29151498 1.2952818
1.2980667 1.29984144
1.30061413 1.30042893
1.2993645 1.29753112
1.29506678 1.29213214
1.28890481 1.28557293
1.28232841 1.27936
1.27684652 1.27495043
1.27381193 1.27354401
1.27422828 1.27591209
1.27860683 1.28228749
1.28689359 1.29233132
1.29847695 1.30518129
1.312275 1.31957477
1.32688984 1.33402892
1.34080704 1.34705224
1.35261172 1.35735736
1.36119036 1.36404473
1.36588973 1.36673094
1.36661005 1.36560342
1.36381924 1.36139373
1.35848615 1.35527314
1.35194233 1.34868558
1.34569208 1.34314157
1.34119781 1.34000276
1.3396714 1.34028765
1.34190132 1.34452629
1.34814009 1.35268462
1.35806831 1.36416938
1.37084021 1.3779127
1.38520428 1.3925245
1.39968187 1.40649078
1.41277815 1.41838966
1.42319533 1.42709419
1.43001788 1.43193317
1.43284309 1.4327869
1.43183859 1.43010427
1.42771835 1.42483869
1.42164091 1.41831209
1.41504402 1.4120263
1.40943954 1.40744881
1.40619775 1.40580337
1.40635185 1.40789543
1.41045053 1.41399718
1.41847971 1.42380878
1.42986455 1.43650107
1.44355145 1.45083392
1.45815836 1.46533314
1.472172 1.47850079
1.48416371 1.48902892
1.4929933 1.49598616
1.49797175 1.49895059
1.49895944 1.49806996
1.49638615 1.49404059
1.49118969 1.48800804
1.48468214 1.48140367
1.4783626 1.47574039
1.47370339 1.47239689
1.4719399 1.47242086
1.47389443 1.47637956
1.4798588 1.4842789
1.48955275 1.49545212
1.50052663 1.50817304
0.0138869508 0
0 0
0 0
0 0
1.04484117 1.04879605
1.0489253 1.04756456
1.04503011 1.04148516
1.03712927 1.03219122
1.0269207 1.02157939
1.01643152 1.01173436
1.00772894 1.0046314
1.00262523 1.00185459
1.00241922 1.00437078
1.007711 1.01239165
1.01831626 1.02534356
1.03329262 1.04194933
1.05107409 1.06041047
1.06969444 1.07866382
1.08706778 1.09467583
1.10128613 1.10673274
1.11089163 1.11368507
1.11508453 1.11511161
1.11383732 1.11137951
1.10789862 1.10359192
1.09868639 1.09343058
1.08808563 1.0829159
1.07817944 1.0741187
1.07095182 1.06886477
1.06800463 1.06847437
1.07032904 1.07357388
1.07816409 1.08400644
1.09096264 1.0988543
1.10746939 1.1165698
1.1259 1.13519614
1.14419563 1.15264656
1.16031673 1.16700208
1.17253396 1.17678527
1.17967497 1.18117105
1.18129163 1.18010437
1.17772397 1.17430809
1.17005167 1.16517987
1.15994003 1.15459271
1.14940236 1.14462778
1.14051278 1.13727745
1.13511023 1.1341611
1.1345362 1.13629401
1.13944326 1.14394257
1.149702 1.15658623
1.16441948 1.1729918
1.18206663 1.19138935
1.20069641 1.2097248
1.21822156 1.22595287
1.23271245 1.238329
1.24267234 1.24565814
1.24725092 1.24746533
1.24636565 1.24406342
1.24071351 1.23650845
1.23167157 1.22644896
1.22110055 1.21589084
1.2110793 1.20691111
1.20360825 1.20136158
1.20032396 1.20060471
1.20226571 1.20531916
1.20972714 1.21540299
1.22221441 1.22998823
1.23851663 1.24756466
1.25687864 1.26619533
1.27525139 1.28379287
1.29158432 1.29841731
1.30411788 1.30855285
1.31163458 1.31332414
1.31363269 1.31262112
1.31039782 1.30711479
1.30296217 1.29816141
1.29295728 1.28760907
1.28238124 1.27753394
1.27331361 1.26994414
1.26761878 1.2664932
1.26667989 1.26824414
1.2712016 1.27551784
1.28110947 1.28784724
1.29556062 1.30404398
1.31306397 1.32236793
1.33169299 1.3407755
1.34936056 1.35721114
1.3641167 1.36990065
1.37442683 1.3776043
1.37939068 1.37979367
1.37887074 1.3767271
1.37351187 1.36941277
1.36464931 1.35946491
1.35411816 1.34887348
1.3439916 1.33972023
1.33628508 1.33388176
1.33266877 1.33276173
1.33422929 1.33709061
1.34131469 1.34682149
1.35348478 1.36113673
1.36957391 1.37856465
1.38785733 1.39718948
1.40629721 1.41492469
1.4228334 1.42981066
1.43567735 1.44029429
1.44356729 1.44545054
1.44594824 1.44511446
1.4430512 1.43990468
1.43586016 1.43113517
1.42597176 1.42062775
1.41536747 1.41045222
1.40613089 1.402631
1.4001505 1.39885064
1.3988502 1.40022118
1.4029862 1.40711774
1.41253909 1.41912709
1.42671663 1.43510652
1.44406679 1.45334692
1.46268489 1.4718166
1.48048536 1.48845115
1.49549927 1.50144801
1.50615526 1.50952357
1.51150371 1.51209639
1.51135225 1.50937006
1.50629316 1.50230426
1.49761891 1.49247773
1.48713774 1.48186312
1.4769157 1.47254551
1.46898185 1.46642494
1.4650388 1.4649453
1.4662198 1.46888839
1.47292703 1.47826233
1.48477425 1.49215972
1.49855784 1.5084929
0.0138869508 0
0 0
0 0
0 0
1.05485463 1.05753565
1.05722739 1.0553111
1.05202708 1.04756552
1.04215898 1.03607403
1.02960165 1.02304679
1.01671734 1.01091309
1.00591494 1.00197475
0.999306326 0.998077687
0.998405039 1.00034858
1.00391035 1.00903414
1.0156075 1.02346585
1.03239832 1.04215542
1.05245794 1.06300707
1.07349511 1.08361656
1.09307912 1.10161421
1.10898661 1.11500297
1.11951872 1.12244333
1.12374351 1.12344446
1.12162891 1.11843421
1.1140473 1.10869807
1.10265102 1.09619578
1.08963667 1.08328175
1.07743171 1.07236909
1.0683481 1.06558543
1.0642525 1.06446926
1.06629991 1.06975053
1.07476892 1.08124643
1.08902192 1.09788751
1.10759611 1.11787026
1.12841217 1.1389144
1.14907094 1.15858824
1.16719572 1.17465557
1.18077129 1.18539475
1.18843153 1.1898443
1.1896542 1.18794007
1.18483557 1.18052442
1.17523378 1.16922604
1.16278941 1.15622755
1.14984859 1.14395413
1.13882828 1.13472752
1.13187143 1.13043479
1.13054128 1.13225906
1.13559828 1.14051074
1.14689163 1.15458325
1.16338077 1.17303953
1.18328387 1.19381708
1.20433202 1.21452224
1.22409295 1.23277168
1.24031804 1.24653241
1.25126312 1.25441188
1.25593734 1.25585659
1.25424451 1.2512311
1.24699682 1.24176603
1.23579899 1.22938244
1.2228193 1.21641778
1.21048026 1.20529242
1.20111296 1.1981643
1.19662454 1.19662108
1.19822604 1.20145363
1.20625967 1.21254316
1.22014993 1.22887819
1.23848578 1.24869888
1.2592219 1.26974808
1.27997055 1.28959336
1.29834217 1.30597407
1.31228637 1.31712385
1.32038439 1.32202262
1.32205157 1.32054218
1.31762074 1.3134644
1.30829473 1.30236977
1.29597475 1.28941184
1.28298921 1.27701001
1.27176142 1.26750434
1.26446397 1.26282171
1.26270865 1.26420086
1.2673166 1.27201572
1.27820108 1.28572202
1.29437986 1.30393495
1.31411539 1.32462674
1.33516267 1.34541595
1.35508955 1.36390727
1.37162373 1.37803319
1.38297695 1.38634906
1.38810013 1.38823913
1.38683302 1.38400441
1.37992709 1.37481977
1.36893827 1.36256626
1.35600505 1.34956277
1.34354329 1.33823522
1.3339016 1.33077039
1.32902626 1.32880398
1.33018352 1.33318722
1.33777896 1.34386545
1.35129961 1.35988586
1.36938715 1.37953349
1.3900317 1.40057589
1.41085856 1.4205816
1.42946704 1.43726707
1.44377294 1.44882247
1.45230591 1.45416986
1.45441922 1.453117
1.45038205 1.4463848
1.44134108 1.43550441
1.42915685 1.42259884
1.41613839 1.41008
1.40471372 1.40030467
1.39708351 1.39523817
1.39490704 1.39617403
1.39906552 1.40354942
1.40953633 1.41688276
1.42539628 1.43484246
1.4449533 1.45543687
1.46598785 1.47629846
1.4860696 1.49502158
1.50290417 1.50950565
1.51466042 1.51825493
1.52023178 1.52059182
1.51939406 1.5167536
1.51283745 1.50785855
1.50206808 1.49574642
1.4891931 1.48271594
1.47662006 1.47119685
1.46671347 1.46340328
1.46145739 1.46101782
1.46217238 1.4649515
1.46932713 1.47521378
1.48247155 1.49075074
1.49794314 1.50973223
0.0138869508 0
0 0
0 0
0 0
1.06320697 1.06551589
1.06485239 1.06251829
1.0586709 1.05352065
1.04732484 1.04037843
1.03300336 1.02553704
1.01832012 1.01168431
1.00594038 1.00136701
0.998200757 0.996627515
0.996775856 0.998712387
1.00243936 1.00789458
1.01495365 1.02343445
1.03310371 1.04368534
1.05487046 1.06632843
1.07771882 1.08870362
1.0989594 1.108189
1.11613217 1.12257498
1.12735747 1.13037948
1.13160418 1.13105944
1.12883681 1.12508823
1.12002057 1.11388818
1.10698371 1.0996276
1.09215658 1.08491148
1.078225 1.07240975
1.06774698 1.06447644
1.06278781 1.0628138
1.06462541 1.06822941
1.07356801 1.08052103
1.08891016 1.09850541
1.10903339 1.12018712
1.1316371 1.1430432
1.15406681 1.16438315
1.17369284 1.18173277
1.18828552 1.19318718
1.19633329 1.19768256
1.19725838 1.19514795
1.19149918 1.18651536
1.18044778 1.1735868
1.16625129 1.15877722
1.15150553 1.1447699
1.13888468 1.13413366
1.13075977 1.12895639
1.12886036 1.1305471
1.13402784 1.13924925
1.14609535 1.1543917
1.16391163 1.17438446
1.18550521 1.19694556
1.20836572 1.21942659
1.22980203 1.23919055
1.24732619 1.25398809
1.25900841 1.26227843
1.26375238 1.26344917
1.26145166 1.25790369
1.2530049 1.24700356
1.24018761 1.23287431
1.22539883 1.21810217
1.2113189 1.2053651
1.200527 1.19705068
1.19513321 1.19491554
1.19647745 1.19983468
1.20493833 1.21167668
1.21987914 1.22932244
1.23973866 1.25082484
1.26225392 1.27368651
1.28478306 1.29521614
1.3046822 1.31291249
1.31968273 1.32482119
1.32821489 1.32981362
1.32963179 1.32774789
1.32430167 1.31948912
1.3135554 1.30678601
1.29949654 1.29202131
1.2847013 1.27787191
1.2718509 1.26692692
1.26334913 1.26131824
1.26097931 1.26241647
1.26564995 1.27063531
1.27726508 1.28537258
1.29473796 1.3050961
1.31614613 1.3275623
1.33900567 1.35013632
1.36062559 1.37016789
1.37849174 1.38536949
1.39062554 1.39414268
1.39586625 1.39580618
1.39403657 1.39069305
1.38596793 1.3801032
1.3733819 1.36611788
1.35864454 1.35130279
1.34442883 1.338342
1.33333334 1.32965504
1.32751145 1.32705166
1.32836417 1.33147368
1.33634023 1.34286061
1.35087209 1.36015827
1.37045688 1.38146919
1.39287081 1.40432333
1.41548648 1.42603046
1.43564769 1.444064
1.45104841 1.45642149
1.4600618 1.46191027
1.46197231 1.46031764
1.45707776 1.45244123
1.44664687 1.43997517
1.43273821 1.4252684
1.41790654 1.41098955
1.40483832 1.39974618
1.39596837 1.39371279
1.39313257 1.39432055
1.39730591 1.40205314
1.40846335 1.41637776
1.42558347 1.4358211
1.44679413 1.45817957
1.46963958 1.48083366
1.49143085 1.50112169
1.50962935 1.51671955
1.52220907 1.52597227
1.52794566 1.52813015
1.52659106 1.52345572
1.51890894 1.51318629
1.50656571 1.49935741
1.49189278 1.48451244
1.47755397 1.47133974
1.46616538 1.46228905
1.45992222 1.45922203
1.46028561 1.46314664
1.46777409 1.47407336
1.48188967 1.49101361
1.50114914 1.51135322
0.0138869508 0
0 0
0 0
0 0
0 0
0 0
0 0
0 0
0 0
0 0
0 0
0 0
0 0
0 0
0 0
0 0
0 0
0 0
0 0
0 0
0 0
0 0
0 0
0 0
0 0
0 0
0 0
0 0
0 0
0 0
0 0
0 0
0 0
0 0
0 0
0 0
0 0
0 0
0 0
0 0
0 0
0 0
0 0
0 0
0 0
0 0
0 0
0 0
0 0
0 0
0 0
0 0
0 0
0 0
0 0
0 0
0 0
0 0
0 0
0 0
0 0
0 0
0 0
0 0
0 0
0 0
0 0
0 0
0 0
0 0
0 0
0 0
0 0
0 0
0 0
0 0
0 0
0 0
0 0
0 0
0 0
0 0
0 0
0 0
0 0
0 0
0 0
0 0
0 0
0 0
0 0
0 0
0 0
0 0
0 0
0 0
0 0
0 0
0 0
0 0
0 0
0 0
0 0
0 0
0 0
0 0
0 0
0 0
0 0
0 0
0 0
0 0
0 0
0 0
0 0
0 0
0 0
0 0
0 0
0 0
0 0
0 0
0 0
0 0
0 0
0 0
0 0
0 0
0 0
0 0
0 0
0 0
0 0
0 0
0 0
0 0
0 0
0 0
0 0
0 0
0 0
0 0
0 0
0 0
0 0
0 0
0 0
0 0
0 0
0 0
0 0
0 0
0 0
0 0
0 0
0 0
0 0
0 0
0 0
0 0
0 0
0 0
0 0
0 0
0 0
0 0
0 0
0 0
0 0
0 0
0 0
0 0
0 0
0 0
0 0
0 0
0 0
0 0
0 0
0 0
0 0
0 0
0 0
0 0
0 0
0 0
0 0
0 0
0 0
0 0
0 0
0 0
0 0
0 0
0 0
0 0
0 0
0 0
0 0
0 0
0 0
0 0
0 0
0 0
0 0
0 0
0 0
0 0
0 0
0 0
0 0
0 0
0 0
0 0
0 0
0 0
0 0
0 0
0 0
0 0
0 0
0 0
0 0
0 0
0 0
0 0
0 0
0 0
0 0
0 0
0 0
0 0
0 0
0 0
0 0
0 0
0 0
0 0
0 0
0 0
0 0
0 0
0 0
0 0
0 0
0 0
0 0
0 0
0 0
0 0
0 0
0 0
0 0
0 0
0 0
0 0
0 0
0 0
0 0
0 0
0 0
0 0
0 0
0 0
0 0
0 0
0 0
0 0
