0.999884748 1.00401722
1.00591513 1.00774935
1.00952584 1.01125262
1.01293952 1.01459778
1.01623969 1.01787812
1.01952608 1.0211962
1.02290035 1.02464916
1.02645165 1.02831492
1.01823611 1.01973256
1.02093234 1.02163066
1.02187438 1.02172673
1.02126498 1.02057775
1.01976175 1.01891833
1.01814984 1.0175559
1.0172299 1.01725553
1.01770387 1.01863075
1.03499987 1.03606063
1.03653646 1.0360572
1.03471209 1.03262151
1.0299327 1.02681442
1.02345087 1.02003511
1.01676205 1.01382147
1.0113912 1.0096307
1.00867529 1.00863137
1.04900092 1.0497136
1.04961079 1.0481903
1.04557524 1.04193172
1.03746285 1.03240145
1.02700168 1.02152987
1.01625494 1.01143872
1.00732654 1.00413839
1.002061 1.00124111
1.05919045 1.05967588
1.05919491 1.05715927
1.05371424 1.04905578
1.04342354 1.03709222
1.03036167 1.02354612
1.01696286 1.0109208
1.00570941 1.00158821
0.998777535 0.997450517
1.06488301 1.06528376
1.06466113 1.06239508
1.05863916 1.05360054
1.04753253 1.04072553
1.03349651 1.02617764
1.01910431 1.01260309
1.00697996 1.00250927
0.999423928 0.997906954
1.06582183 1.06628861
1.06577435 1.06368458
1.06016651 1.05541873
1.0496841 1.04324101
1.03639335 1.02945954
1.02276114 1.01661121
1.01130307 1.00709976
1.00422455 1.0028529
1.06220337 1.06288063
1.06271443 1.06119083
1.05843665 1.054623
1.04995912 1.04468486
1.03906203 1.03336498
1.02787074 1.02284904
1.01855261 1.01520806
1.01300775 1.01210286
1.05465848 1.05567072
1.05605909 1.05543757
1.05390052 1.05157524
1.04861739 1.04520543
1.04153412 1.03780761
1.03423198 1.03100793
1.02832345 1.02634717
1.02522219 1.02506099
1.04419239 1.04563221
1.04672879 1.04725928
1.04727655 1.04685197
1.0460728 1.04503907
1.04385997 1.04264991
1.04152444 1.04059605
1.03997012 1.03974118
1.03998944 1.04077796
1.03208877 1.0340081
1.03589903 1.03772161
1.03948222 1.04118949
1.04285394 1.04448766
1.04610383 1.04771626
1.0493389 1.05098534
1.0526683 1.05439918
1.05618769 1.05804142
1.01978742 1.02219256
1.02488823 1.02801981
1.03154658 1.03541361
1.03955367 1.04388976
1.04833779 1.05280966
1.05721639 1.06147137
1.06549343 1.0692098
1.0725587 1.07549159
1.00874702 1.01159799
1.01503207 1.01936478
1.02451217 1.03036096
1.03677262 1.04358837
1.05063488 1.05773053
1.06469191 1.07134046
1.07750886 1.08304709
1.0878278 1.09175092
1.00030599 1.0035204
1.00755618 1.01286764
1.01933559 1.02679923
1.03506191 1.04389822
1.05306212 1.06229577
1.07133881 1.07993776
1.08785512 1.09487789
1.10082532 1.10555533
0.995555014 0.999015842
1.00345925 1.00943376
1.01679633 1.02535396
1.03487061 1.04507577
1.0556741 1.06635614
1.07680942 1.08672968
1.09583186 1.10386036
1.11059818 1.11587481
0.995232936 0.998799755
1.00341785 1.00967652
1.01742248 1.02644893
1.03650298 1.04729475
1.05850781 1.06981056
1.0808682 1.09135471
1.10096466 1.10942415
1.1165007 1.12201159
1.03024386 1.03224102
1.03430649 1.03643788
1.03863047 1.04087729
1.04316945 1.04549643
1.04784642 1.05020684
1.05256467 1.05490704
1.0572216 1.059497
1.06172299 0.92919037
1.02007481 1.02205605
1.02457514 1.0276134
1.03113347 1.03508063
1.03938481 1.04396307
1.04872262 1.05356413
1.05838534 1.0630847
1.06756507 1.07173717
1.07510393 0.944201829
1.00957248 1.01153674
1.01452544 1.01850299
1.02339821 1.02910691
1.0354956 1.04240632
1.04966234 1.05707448
1.06444794 1.07158933
1.0783136 1.08445073
1.08927971 0.957978929
1.00178022 1.00373091
1.00709497 1.01182327
1.01781765 1.02493432
1.03298913 1.04176417
1.05101559 1.06048239
1.06989584 1.07898912
1.08750692 1.09521466
1.10121238 0.969517663
0.997726903 0.999668729
1.00327809 1.00849705
1.01520978 1.02324664
1.03239036 1.04238383
1.05293935 1.06374899
1.07449568 1.08486462
1.09455459 1.10328881
1.11005036 0.977968272
0.998084929 1.00002344
1.00372468 1.00912743
1.01610924 1.02449077
1.03404236 1.04449222
1.05553622 1.06684884
1.07809493 1.08894169
1.09907072 1.10818945
1.1152371 0.982775379
1.00310617 1.00504722
1.00867816 1.01394031
1.02071626 1.0288341
1.03807365 1.04817434
1.05884463 1.06977245
1.08063647 1.09111768
1.1009108 1.10973537
1.11656414 0.983730961
1.01259793 1.01454714
1.01795231 1.02276286
1.02887765 1.03614856
1.0443859 1.05336518
1.06283519 1.07252708
1.08216401 1.09147111
1.1001854 1.1080652
1.11419095 0.980994166
1.02594134 1.02790355
1.03094898 1.03504
1.04010135 1.04602285
1.05266335 1.05985585
1.06741345 1.07513613
1.08281791 1.09025431
1.09724966 1.10362417
1.10862979 0.975076142
1.04215033 1.04412914
1.04671517 1.0498873
1.05360338 1.05780161
1.06240289 1.0673136
1.07242897 1.07763687
1.08282185 1.08786927
1.09266946 1.09712164
1.10069681 0.966791336
1.05996564 1.06196308
1.06403384 1.06617535
1.06838254 1.07064795
1.07296202 1.07531345
1.07768958 1.0800769
1.08246144 1.08482937
1.08716745 1.08946352
1.09143428 0.957179799
1.07797489 1.07999121
1.08153994 1.08263735
1.08331591 1.08362319
1.0836201 1.08337875
1.0829798 1.08250959
1.08205703 1.08171039
1.08155414 1.08166587
1.08201123 0.947408077
1.09474721 1.09678084
1.09785059 1.09798993
1.09726583 1.09577635
1.09364707 1.09102661
1.08808127 1.08498903
1.08193319 1.0790957
1.07665066 1.07475808
1.07361198 0.938657999
1.10896964 1.11101738
1.11169681 1.11105547
1.10918842 1.10623484
1.10237302 1.09781394
1.09279366 1.08756486
1.08238772 1.07752053
1.07321049 1.06968468
1.06732325 0.93201396
1.11957232 1.12162961
1.12204463 1.12087441
1.11823306 1.11428762
1.10925209 1.10337968
1.09695373 1.0902775
1.08366327 1.07742107
1.07184756 1.06721532
1.06403057 0.928359619
1.12583046 1.12789185
1.12819355 1.12679668
1.12382349 1.119453
1.11391447 1.10747923
1.10045088 1.09315435
1.08592426 1.0790928
1.07297783 1.06787142
1.06433383 0.928293604
0.999656405 1.00317874
1.00772193 1.01385876
1.02144033 1.03026576
1.04008939 1.05062963
1.06157911 1.07261572
1.08341421 1.09365793
1.10305017 1.11132486
1.11825617 1.12366662
1.00868965 1.01202132
1.01624717 1.02186778
1.02875286 1.03672657
1.04557393 1.05504848
1.0648812 1.07479018
1.08449076 1.09370578
1.10217557 1.10966728
1.11598324 1.12096811
1.02175743 1.02477052
1.02846682 1.03322605
1.03894893 1.04550144
1.05271975 1.06041603
1.06838528 1.07641264
1.08428118 1.09177969
1.09871026 1.10489544
1.11018459 1.11445934
1.03789988 1.04049692
1.04350195 1.04713676
1.05134252 1.05603983
1.06113162 1.06650659
1.0720433 1.07761444
1.08309148 1.08834927
1.09327058 1.09775024
1.10169902 1.10504679
1.05586403 1.05798726
1.06020522 1.06255976
1.06503812 1.06762308
1.0702936 1.07302552
1.07579252 1.07856699
1.08132105 1.08402756
1.0866611 1.08919886
1.09162149 1.09391378
1.07422322 1.07586016
1.07727027 1.07831073
1.07901609 1.07943294
1.07961825 1.07963735
1.07956153 1.07946549
1.07942468 1.07951256
1.07979794 1.08034253
1.08119872 1.08240766
1.09151316 1.09269772
1.09335621 1.09317408
1.09222986 1.09062952
1.08850264 1.08599775
1.083277 1.08051028
1.07786916 1.07552069
1.07362136 1.07231153
1.07171032 1.07191135
1.10637149 1.10718078
1.10721555 1.10601884
1.10370572 1.10043142
1.09638577 1.09178637
1.08687073 1.08188775
1.07708878 1.07271851
1.06900621 1.0661575
1.06434687 1.06371147
1.11766766 1.11821462
1.11781301 1.11590649
1.11263566 1.10819021
1.10280214 1.09673736
1.09028612 1.08375259
1.07744393 1.07165916
1.06667846 1.0627531
1.06009632 1.05887574
1.12461072 1.12503336
1.12442433 1.1221804
1.11845433 1.11345221
1.10742605 1.10066472
1.09348356 1.08621302
1.07918675 1.07272962
1.06714602 1.06270889
1.05964992 1.05815118
1.12682471 1.12727294
1.12670521 1.12452847
1.12089305 1.11600178
1.11010268 1.10348005
1.09644425 1.08932046
1.08243709 1.07611385
1.0706503 1.06631508
1.0633362 1.06189285
1.12438448 1.12500585
1.12472421 1.12301284
1.12000532 1.11588186
1.11086287 1.10520096
1.09917191 1.09306469
1.08717109 1.08177521
1.07714325 1.07351389
1.07108974 1.07003005
1.11780861 1.11873422
1.1189562 1.11806401
1.11616175 1.11338988
1.10992014 1.10594939
1.10169252 1.09737474
1.09322344 1.08945999
1.08629185 1.08390501
1.08245737 1.08207302
1.10800991 1.10934195
1.11023704 1.11043975
1.11001478 1.10904941
1.10765036 1.10593997
1.10405178 1.10212574
1.10030315 1.09872158
1.09750995 1.09678385
1.0966414 1.09715969
1.09621054 1.0995268
1.10109764 1.10239955
1.10345765 1.10430586
1.10498561 1.10554444
1.10603421 1.10650928
1.10702452 1.10763338
1.10838593 1.10932707
1.1104949 1.11191938
0.948254352 0.950215645
0.952395217 0.954843975
0.957536775 0.960439665
0.963511171 0.966703725
0.9699654 0.973241788
0.976477971 0.979620441
0.982619082 0.985428956
0.988011921 0.990337986
1.12743345 1.12949308
1.12984337 1.12854368
1.12571278 1.12152454
1.11620168 1.11000777
1.10323771 1.09620715
1.08924113 1.08266233
1.07677953 1.07187643
1.06849013 0.932072443
1.12451447 1.12656666
1.12712281 1.12623487
1.12400679 1.12059075
1.11618168 1.11101024
1.10533455 1.09943088
1.09358368 1.08807538
1.08317623 1.07913453
1.07638922 0.939586154
1.1176378 1.11967758
1.12057723 1.12037636
1.11915418 1.11702666
1.11414236 1.11067708
1.1068275 1.10280419
1.0988239 1.0951019
1.09184412 1.0892398
1.08756407 0.950368666
1.10774501 1.10976858
1.11111663 1.11181265
1.11190355 1.11145804
1.11056415 1.10932604
1.10786024 1.10629149
1.10474825 1.10335803
1.10224286 1.10151486
1.10123535 0.96364232
1.0960652 1.09807032
1.09992893 1.10164613
1.10323211 1.10470176
1.10607416 1.10737192
1.1086203 1.10984635
1.11107793 1.1123427
1.11366712 1.1150755
1.11638572 0.978391931
1.08399785 1.08598401
1.08836666 1.09113203
1.09425255 1.09768791
1.10138644 1.10528701
1.10932122 1.11341585
1.11749551 1.12148536
1.12531377 1.12891494
1.13185686 0.993461637
1.07297936 1.0749479
1.07781811 1.08155866
1.08610691 1.09137114
1.09723387 1.10355607
1.11018219 1.11694571
1.12367519 1.13020041
1.13635851 1.14199982
1.14645986 1.00766505
1.06434616 1.06630007
1.06957488 1.07412469
1.07985773 1.08663965
1.09429833 1.10263012
1.11140711 1.12038541
1.12931384 1.13794304
1.14603442 1.15336874
1.15908858 1.01989836
1.05920727 1.06115096
1.06470883 1.06982482
1.07638678 1.0842305
1.09314568 1.10288342
1.11316523 1.12369303
1.1341599 1.1442611
1.15370505 1.16222384
1.16882507 1.02924557
1.05833861 1.06027743
1.06396985 1.06935496
1.07631093 1.08465937
1.09417179 1.10457783
1.11557492 1.12683925
1.13803739 1.14883828
1.15892515 1.16800695
1.17502714 1.03506585
1.06210897 1.06404876
1.06771439 1.07304591
1.07992342 1.08817136
1.09756485 1.10783781
1.11869247 1.12981014
1.14086266 1.15152421
1.16148306 1.17045275
1.17738951 1.03705458
1.07044492 1.07239143
1.07587147 1.0808318
1.08716586 1.09471766
1.10328738 1.11263858
1.12250666 1.13260845
1.14265236 1.15234885
1.16142094 1.16961408
1.17597298 1.03527241
1.08283777 1.08479609
1.08794945 1.09225637
1.09763381 1.1039602
1.11107984 1.11880846
1.12693989 1.13525343
1.14352187 1.15151958
1.15903069 1.16585687
1.17119859 1.03013949
1.09839208 1.10036617
1.1030829 1.10651648
1.11061531 1.11530386
1.12048535 1.12604527
1.13185551 1.13777892
1.1436743 1.14940144
1.1548262 1.15982532
1.16380749 1.02239542
1.11362122 1.11561116
1.11788955 1.12044638
1.1232616 1.12630588
1.12954162 1.13292435
1.13640431 1.13992823
1.14344125 1.14688893
1.15021916 1.15338406
1.15602308 1.01303059
0.992386431 0.994146506
0.995617846 0.996810489
0.997744483 0.998449206
0.998962285 0.999328229
0.999596856 0.999821483
1.00005701 1.00035795
1.00077645 1.00136043
1.00215167 0.859871407
