1.00253162 1.00424731 1.00614561 1.00798018 1.00975698 1.01148405 1.01317119 1.01482968 1.01647181 1.01811045 1.01975861 1.02142896 1.02313335 1.02488244 1.02668525 1.02829887
1.01828686 1.01973256 1.02093233 1.02163066 1.02187439 1.02172673 1.02126498 1.02057775 1.01976175 1.01891833 1.01814983 1.0175559 1.0172299 1.01725553 1.01770387 1.01845141
1.03489021 1.03606063 1.03653646 1.0360572 1.03471209 1.03262151 1.0299327 1.02681442 1.02345087 1.02003511 1.01676205 1.01382147 1.01139121 1.0096307 1.00867529 1.00851594
1.04876321 1.0497136 1.04961079 1.0481903 1.04557524 1.04193172 1.03746285 1.03240145 1.02700168 1.02152987 1.01625494 1.01143872 1.00732654 1.00413839 1.002061 1.00117677
1.0588693 1.05967589 1.05919491 1.05715927 1.05371424 1.04905578 1.04342354 1.03709222 1.03036167 1.02354612 1.01696286 1.0109208 1.00570941 1.00158821 0.998777535 0.997419565
1.06453104 1.06528376 1.06466113 1.06239508 1.05863916 1.05360054 1.04753253 1.04072553 1.03349651 1.02617764 1.01910431 1.01260309 1.00697996 1.00250927 0.999423928 0.997888508
1.06549468 1.06628861 1.06577435 1.06368458 1.0601665 1.05541872 1.0496841 1.04324102 1.03639335 1.02945955 1.02276114 1.01661121 1.01130307 1.00709976 1.00422455 1.00282489
1.06195434 1.06288063 1.06271443 1.06119083 1.05843665 1.054623 1.04995912 1.04468486 1.03906203 1.03336498 1.02787074 1.02284904 1.01855261 1.01520806 1.01300775 1.01204411
1.05453355 1.05567072 1.05605909 1.05543757 1.05390052 1.05157523 1.04861739 1.04520542 1.04153412 1.03780761 1.03423198 1.03100793 1.02832346 1.02634717 1.02522219 1.02495328
1.04422574 1.04563221 1.0467288 1.04725928 1.04727655 1.04685197 1.0460728 1.04503907 1.04385997 1.04264991 1.04152444 1.04059605 1.03997012 1.03974118 1.03998944 1.04060772
1.03229958 1.03400811 1.03589903 1.03772161 1.03948222 1.04118949 1.04285394 1.04448766 1.04610383 1.04771626 1.0493389 1.05098534 1.0526683 1.05439918 1.05618769 1.05780105
1.02017803 1.02219256 1.02488823 1.02801981 1.03154659 1.03541361 1.03955367 1.04388976 1.04833779 1.05280966 1.05721639 1.06147137 1.06549343 1.0692098 1.07255871 1.07518017
1.00930267 1.01159799 1.01503207 1.01936478 1.02451217 1.03036096 1.03677262 1.04358837 1.05063489 1.05773053 1.06469191 1.07134046 1.07750886 1.08304709 1.0878278 1.0913743
1.00099628 1.0035204 1.00755618 1.01286764 1.01933559 1.02679923 1.03506191 1.04389822 1.05306212 1.06229577 1.07133881 1.07993776 1.08785512 1.0948779 1.10082532 1.10512559
0.996336718 0.999015842 1.00345925 1.00943376 1.01679634 1.02535396 1.03487061 1.04507577 1.0556741 1.06635614 1.07680942 1.08672968 1.09583187 1.10386036 1.11059818 1.11540908
0.996054204 0.998799754 1.00341785 1.00967652 1.01742248 1.02644893 1.03650298 1.04729475 1.05850781 1.06981056 1.0808682 1.09135471 1.10096466 1.10942415 1.1165007 1.12153044
1.00046167 1.00317873 1.00772193 1.01385876 1.02144033 1.03026576 1.04008939 1.05062963 1.06157911 1.07261572 1.08341422 1.09365794 1.10305017 1.11132486 1.11825617 1.12319208
1.00942493 1.01202132 1.01624716 1.02186778 1.02875286 1.03672658 1.04557393 1.05504848 1.0648812 1.07479018 1.08449076 1.09370578 1.10217558 1.10966728 1.11598324 1.12052159
1.02237549 1.02477052 1.02846681 1.03322605 1.03894893 1.04550144 1.05271975 1.06041604 1.06838528 1.07641264 1.08428118 1.09177969 1.09871026 1.10489544 1.11018459 1.11405957
1.03836474 1.04049692 1.04350195 1.04713676 1.05134252 1.05603983 1.06113162 1.0665066 1.0720433 1.07761444 1.08309147 1.08834927 1.09327058 1.09775024 1.10169902 1.10470805
1.05615438 1.05798726 1.06020522 1.06255976 1.06503812 1.06762308 1.0702936 1.07302552 1.07579252 1.07856699 1.08132105 1.08402756 1.0866611 1.08919886 1.09162149 1.09364454
1.07433447 1.07586016 1.07727026 1.07831073 1.07901609 1.07943294 1.07961825 1.07963735 1.07956152 1.07946549 1.07942468 1.07951256 1.07979794 1.08034253 1.08119871 1.08220975
1.09145784 1.09269772 1.09335621 1.09317408 1.09222986 1.09062952 1.08850264 1.08599775 1.08327699 1.08051028 1.07786916 1.07552069 1.07362137 1.07231153 1.07171032 1.07177979
1.10617807 1.10718078 1.10721555 1.10601884 1.10370572 1.10043142 1.09638577 1.09178637 1.08687073 1.08188775 1.07708878 1.07271851 1.06900622 1.0661575 1.06434686 1.06363498
1.11737785 1.11821462 1.11781301 1.11590649 1.11263565 1.10819021 1.10280214 1.09673736 1.09028612 1.08375259 1.07744393 1.07165915 1.06667846 1.0627531 1.06009633 1.05883779
1.12427546 1.12503336 1.12442433 1.1221804 1.11845433 1.11345221 1.10742605 1.10066472 1.09348356 1.08621302 1.07918675 1.07272962 1.06714602 1.06270889 1.05964992 1.05813154
1.12649933 1.12727294 1.12670521 1.12452847 1.12089305 1.11600178 1.11010268 1.10348006 1.09644425 1.08932046 1.08243709 1.07611384 1.0706503 1.06631508 1.0633362 1.06186956
1.12412346 1.12500585 1.12472421 1.12301284 1.12000532 1.11588186 1.11086287 1.10520096 1.09917191 1.09306469 1.08717109 1.08177521 1.07714324 1.07351388 1.07108974 1.06998149
1.11766033 1.11873423 1.1189562 1.11806401 1.11616176 1.11338988 1.10992014 1.10594938 1.10169252 1.09737474 1.09322343 1.08945999 1.08629185 1.08390501 1.08245738 1.08198001
1.10801211 1.10934196 1.11023704 1.11043975 1.11001478 1.10904941 1.10765036 1.10593997 1.10405178 1.10212574 1.10030314 1.09872158 1.09750995 1.09678385 1.0966414 1.09700725
1.09638457 1.09801043 1.09968396 1.10115292 1.10243641 1.10356023 1.10455592 1.10545961 1.10631077 1.10715074 1.10802128 1.10896304 1.1100141 1.11120862 1.11257559 1.11391662
1.08561634 1.08751731 1.08990338 1.09253137 1.09537868 1.09841481 1.10160248 1.10489892 1.1082575 1.1116293 1.11496495 1.11821639 1.12133856 1.12429109 1.12703969 1.12926475
