1
1.002
1.004
1.006
1.008
1.01
1.012
1.014
1.016
1.018
1.02
1.022
1.024
1.026
1.028
1.03
1.01825293
1.01997844
1.02116486
1.02184146
1.02205587
1.02187237
1.02136954
1.02063746
1.01977446
1.01888359
1.01806889
1.01743166
1.01706684
1.01705952
1.01748196
1.01839094
1.03505176
1.03652895
1.03697934
1.0364587
1.03505776
1.03289892
1.03013185
1.02692815
1.02347509
1.01996894
1.01660787
1.01358484
1.01108063
1.00925736
1.00825264
1.0081746
1.049081
1.05035971
1.0502218
1.04874423
1.04605215
1.04231444
1.0377376
1.03255836
1.02703509
1.02143858
1.01604223
1.01111225
1.00689807
1.00362333
1.00147788
1.00061093
1.0592892
1.06043819
1.05991581
1.05781282
1.05427692
1.04950733
1.04374771
1.03727734
1.03040108
1.02343841
1.0167119
1.01053562
1.00520387
1.00098052
0.998089552
0.996707008
1.06498919
1.06608959
1.06542319
1.06308595
1.05923396
1.05407787
1.04787521
1.04092122
1.03353818
1.02606377
1.01883902
1.01219592
1.00644556
1.00186688
0.998696665
0.997120994
1.06592356
1.06706114
1.06650492
1.0643469
1.06073673
1.05587633
1.05001262
1.04342862
1.03643329
1.02935039
1.02250681
1.01622086
1.01079075
1.00648392
1.00352734
1.00209942
1.06228925
1.06354622
1.06334387
1.06176146
1.05892794
1.05501726
1.05024216
1.0448465
1.03909644
1.03327093
1.02765162
1.02251273
1.01811122
1.01467747
1.01240706
1.01145368
1.05471871
1.05616591
1.05652738
1.05586211
1.05426603
1.05186856
1.04882797
1.04532568
1.04155973
1.03773764
1.03406896
1.03075772
1.02799506
1.02595242
1.02477528
1.02457801
1.04421967
1.04590979
1.0469913
1.04749726
1.04748144
1.04701639
1.04619084
1.04510648
1.04387432
1.04261069
1.04143306
1.04045579
1.03978604
1.03951989
1.03973892
1.04050722
1.03207903
1.03404162
1.03593072
1.03775034
1.03950696
1.04120934
1.04286819
1.0444958
1.04610556
1.04771152
1.04932787
1.05096841
1.05264607
1.05437247
1.05615744
1.05800873
1.01974019
1.02197881
1.02468609
1.02783656
1.03138881
1.03528699
1.03946278
1.04383785
1.04832674
1.05283986
1.05728676
1.06157937
1.06563518
1.0693802
1.07275161
1.07570007
1.00866545
1.01115735
1.01461537
1.01898701
1.02418693
1.03009995
1.03658524
1.04348136
1.0506121
1.05779279
1.06483698
1.0715631
1.07780107
1.08339835
1.08822548
1.09218069
1.00019658
1.00289488
1.00696464
1.01233137
1.01887389
1.02642871
1.03479591
1.04374631
1.05302978
1.06238415
1.07154474
1.08025382
1.08826994
1.09537654
1.10138985
1.10616542
0.99542696
0.998265078
1.00274927
1.00879011
1.01624218
1.02490925
1.03455135
1.04489345
1.05563528
1.06646222
1.07705658
1.08710903
1.09632974
1.10445885
1.11127575
1.11660706
0.995097278
0.997995316
1.00265711
1.00898685
1.01682871
1.02597243
1.0361609
1.0470994
1.05846621
1.06992423
1.08113303
1.09176118
1.10149813
1.11006543
1.1172267
1.12279619
0.999524965
1.00239731
1.00698295
1.01318882
1.02086355
1.02980289
1.03975709
1.05043986
1.06153871
1.07272613
1.08367147
1.09405277
1.10356838
1.11194779
1.1189614
1.12442877
1.00857392
1.01133741
1.0156004
1.02128144
1.02824805
1.03632146
1.0452831
1.05488239
1.06484584
1.07488681
1.08471591
1.09405135
1.10262912
1.11021248
1.11660047
1.12163516
1.02166747
1.02424932
1.02797392
1.03277921
1.03856422
1.04519271
1.05249811
1.06028946
1.06835833
1.07648629
1.08445277
1.09204304
1.0990559
1.10531093
1.11065498
1.11496769
1.03784337
1.04018811
1.04320992
1.04687201
1.05111458
1.05585691
1.0610003
1.0664316
1.07202733
1.07765807
1.08319314
1.08850531
1.09347537
1.09799642
1.10197772
1.10534798
1.05584553
1.05792029
1.06014189
1.06250235
1.06498869
1.06758341
1.07026512
1.07300926
1.07578906
1.07857645
1.0813431
1.0840614
1.08670551
1.08925225
1.09168193
1.0939791
1.07424375
1.07604141
1.07744167
1.07846612
1.07914987
1.0795403
1.07969533
1.07968136
1.0795709
1.07943988
1.07936501
1.07942098
1.07967774
1.08019804
1.08103514
1.08223088
1.09157007
1.09310991
1.09374602
1.09352746
1.0925341
1.09087368
1.08867792
1.08609785
1.08329831
1.08045204
1.07773346
1.07531242
1.07334801
1.07198294
1.07133832
1.07150932
1.10645872
1.10778462
1.10778659
1.10653653
1.10415143
1.1007891
1.09664255
1.09193301
1.08690195
1.08180243
1.07688999
1.0724134
1.06860577
1.06567613
1.0638019
1.06312252
1.11777632
1.11895254
1.11851085
1.11653913
1.11318033
1.10862731
1.10311594
1.09691656
1.09032427
1.08364833
1.07720099
1.0712863
1.0661891
1.06216485
1.05943035
1.05815602
1.12472994
1.12583501
1.12518244
1.12286768
1.11904605
1.11392706
1.10776695
1.1008594
1.09352501
1.08609975
1.07892283
1.07232456
1.06661439
1.06206983
1.05892643
1.0573693
1.12694266
1.1280619
1.12745132
1.12520487
1.1214754
1.11646912
1.11043819
1.10367165
1.09648504
1.08920898
1.08217735
1.0757152
1.07012709
1.06568614
1.06262416
1.06112335
1.12448953
1.12570691
1.12538719
1.12361388
1.12052278
1.11629713
1.11116099
1.10537121
1.09920816
1.09296563
1.08694029
1.08142098
1.07667833
1.07295502
1.07045704
1.06934628
1.11789043
1.11928054
1.11947284
1.11853239
1.116565
1.11371349
1.11015246
1.10608206
1.10172077
1.09729755
1.09304358
1.08918394
1.08592955
1.0834695
1.08196432
1.08154018
1.10806045
1.10968145
1.1105581
1.11073081
1.11026537
1.10925051
1.10779473
1.10602241
1.10406933
1.10207777
1.10019138
1.09855004
1.09728481
1.09651321
1.096335
1.09682857
1.09622272
1.09811074
1.09977882
1.10123892
1.10251045
1.10361965
1.10459857
1.10548397
1.10631596
1.10713657
1.10798826
1.10891235
1.10994758
1.11112866
1.11248506
1.11403996
1.08379176
1.08595747
1.08844863
1.09124757
1.09432554
1.09764372
1.10115469
1.10480406
1.10853246
1.11227768
1.11597693
1.11956903
1.12299668
1.1262085
1.12916088
1.13181953
