0.999947796 1.00414308 1.00604121 1.00787563 1.00965228 1.01137922 1.01306625 1.01472464 1.01636667 1.01800521 1.01965328 1.02132353 1.02302781 1.02477677 1.02657928 0.901221397
1.0183633 1.01973256 1.02093234 1.02163066 1.02187438 1.02172673 1.02126498 1.02057775 1.01976175 1.01891833 1.01814984 1.0175559 1.0172299 1.01725553 1.01759034 0.891092121
1.03512927 1.03606063 1.03653646 1.0360572 1.03471209 1.03262151 1.0299327 1.02681442 1.02345087 1.02003511 1.01676205 1.01382147 1.0113912 1.0096307 1.00868504 0.882153057
1.04913217 1.0497136 1.04961079 1.0481903 1.04557524 1.04193172 1.03746285 1.03240145 1.02700168 1.02152987 1.01625494 1.01143872 1.00732654 1.00413839 1.00216928 0.875535032
1.05932304 1.05967588 1.05919491 1.05715927 1.05371424 1.04905578 1.04342354 1.03709222 1.03036167 1.02354612 1.01696286 1.0109208 1.00570941 1.00158821 0.99895021 0.872119222
1.06501634 1.06528376 1.06466113 1.06239508 1.05863916 1.05360054 1.04753253 1.04072553 1.03349651 1.02617764 1.01910431 1.01260309 1.00697996 1.00250927 0.999620724 0.872481506
1.06595527 1.06628861 1.06577435 1.06368458 1.06016651 1.05541873 1.0496841 1.04324101 1.03639335 1.02945954 1.02276114 1.01661121 1.01130307 1.00709976 1.0044029 0.876837593
1.0623363 1.06288063 1.06271443 1.06119083 1.05843665 1.054623 1.04995912 1.04468486 1.03906203 1.03336498 1.02787074 1.02284904 1.01855261 1.01520806 1.01312683 0.885022458
1.05479039 1.05567072 1.05605909 1.05543757 1.05390052 1.05157524 1.04861739 1.04520543 1.04153412 1.03780761 1.03423198 1.03100793 1.02832345 1.02634717 1.02524683 0.896506068
1.04432288 1.04563221 1.04672879 1.04725928 1.04727655 1.04685197 1.0460728 1.04503907 1.04385997 1.04264991 1.04152444 1.04059605 1.03997012 1.03974118 1.03989348 0.910443899
1.03221764 1.0340081 1.03589903 1.03772161 1.03948222 1.04118949 1.04285394 1.04448766 1.04610383 1.04771626 1.0493389 1.05098534 1.0526683 1.05439918 1.05595647 0.925757466
1.01991466 1.02219256 1.02488823 1.02801981 1.03154658 1.03541361 1.03955367 1.04388976 1.04833779 1.05280966 1.05721639 1.06147137 1.06549343 1.0692098 1.07219045 0.941237131
1.00887279 1.01159799 1.01503207 1.01936478 1.02451217 1.03036096 1.03677262 1.04358837 1.05063488 1.05773053 1.06469191 1.07134046 1.07750886 1.08304709 1.08733381 0.955657438
1.00043065 1.0035204 1.00755618 1.01286764 1.01933559 1.02679923 1.03506191 1.04389822 1.05306212 1.06229577 1.07133881 1.07993776 1.08785512 1.09487789 1.10022887 0.967893885
0.995679059 0.999049535 1.00347076 1.00940919 1.01672308 1.02522117 1.03466959 1.04480025 1.05532052 1.06592375 1.07630028 1.08614864 1.09518635 1.10316011 1.10918906 0.977029718
0.870683709 0.873246112 0.877325153 0.88286363 0.889725195 0.897725874 0.906640698 0.916211791 0.926157651 0.936183318 0.945990921 0.955290461 0.96381021 0.971306528 0.977572159 0.84209683
