1 1.002
1.004 1.006
1.008 1.01
1.012 1.014
1.016 1.018
1.02 1.022
1.024 1.026
1.028 1.03
1.01825293 1.01997844
1.02116486 1.02184146
1.02205587 1.02187237
1.02136954 1.02063746
1.01977446 1.01888359
1.01806889 1.01743166
1.01706684 1.01705952
1.01748196 1.01839094
1.03505176 1.03652895
1.03697934 1.0364587
1.03505776 1.03289892
1.03013185 1.02692815
1.02347509 1.01996894
1.01660787 1.01358484
1.01108063 1.00925736
1.00825264 1.0081746
1.049081 1.05035971
1.0502218 1.04874423
1.04605215 1.04231444
1.0377376 1.03255836
1.02703509 1.02143858
1.01604223 1.01111225
1.00689807 1.00362333
1.00147788 1.00061093
1.0592892 1.06043819
1.05991581 1.05781282
1.05427692 1.04950733
1.04374771 1.03727734
1.03040108 1.02343841
1.0167119 1.01053562
1.00520387 1.00098052
0.998089552 0.996707008
1.06498919 1.06608959
1.06542319 1.06308595
1.05923396 1.05407787
1.04787521 1.04092122
1.03353818 1.02606377
1.01883902 1.01219592
1.00644556 1.00186688
0.998696665 0.997120994
1.06592356 1.06706114
1.06650492 1.0643469
1.06073673 1.05587633
1.05001262 1.04342862
1.03643329 1.02935039
1.02250681 1.01622086
1.01079075 1.00648392
1.00352734 1.00209942
1.06228925 1.06354622
1.06334387 1.06176146
1.05892794 1.05501726
1.05024216 1.0448465
1.03909644 1.03327093
1.02765162 1.02251273
1.01811122 1.01467747
1.01240706 1.01145368
1.05471871 1.05616591
1.05652738 1.05586211
1.05426603 1.05186856
1.04882797 1.04532568
1.04155973 1.03773764
1.03406896 1.03075772
1.02799506 1.02595242
1.02477528 1.02457801
1.04421967 1.04590979
1.0469913 1.04749726
1.04748144 1.04701639
1.04619084 1.04510648
1.04387432 1.04261069
1.04143306 1.04045579
1.03978604 1.03951989
1.03973892 1.04050722
1.03207903 1.03404162
1.03593072 1.03775034
1.03950696 1.04120934
1.04286819 1.0444958
1.04610556 1.04771152
1.04932787 1.05096841
1.05264607 1.05437247
1.05615744 1.05800873
1.01974019 1.02197881
1.02468609 1.02783656
1.03138881 1.03528699
1.03946278 1.04383785
1.04832674 1.05283986
1.05728676 1.06157937
1.06563518 1.0693802
1.07275161 1.07570007
1.00866545 1.01115735
1.01461537 1.01898701
1.02418693 1.03009995
1.03658524 1.04348136
1.0506121 1.05779279
1.06483698 1.0715631
1.07780107 1.08339835
1.08822548 1.09218069
1.00019658 1.00289488
1.00696464 1.01233137
1.01887389 1.02642871
1.03479591 1.04374631
1.05302978 1.06238415
1.07154474 1.08025382
1.08826994 1.09537654
1.10138985 1.10616542
0.99542696 0.998265078
1.00274927 1.00879011
1.01624218 1.02490925
1.03455135 1.04489345
1.05563528 1.06646222
1.07705658 1.08710903
1.09632974 1.10445885
1.11127575 1.11660706
0.995097278 0.997995316
1.00265711 1.00898685
1.01682871 1.02597243
1.0361609 1.0470994
1.05846621 1.06992423
1.08113303 1.09176118
1.10149813 1.11006543
1.1172267 1.12279619
