1 1.002
1.004 1.006
1.008 1.01
1.012 1.014
1.016 1.018
1.02 1.022
1.024 1.026
1.028 1.03
1.032 1.034
1.036 1.038
1.04 1.042
1.044 1.046
1.048 1.05
1.052 1.054
1.056 1.058
1.06 1.062
1.01825293 1.01997844
1.02116486 1.02184146
1.02205587 1.02187237
1.02136954 1.02063746
1.01977446 1.01888359
1.01806889 1.01743166
1.01706684 1.01705952
1.01748196 1.01839094
1.01982571 1.02180664
1.02433439 1.02738999
1.03093542 1.03491508
1.03925772 1.04387901
1.04868461 1.05357354
1.05844184 1.06318625
1.06770802 1.07191637
1.07573182 1.07908903
1.03505176 1.03652895
1.03697934 1.0364587
1.03505776 1.03289892
1.03013185 1.02692815
1.02347509 1.01996894
1.01660787 1.01358484
1.01108063 1.00925736
1.00825264 1.0081746
1.00909804 1.0110617
1.0140669 1.01807745
1.023021 1.02879159
1.03525353 1.04224621
1.04958995 1.05709241
1.06455555 1.07178275
1.07858587 1.08479204
1.09024987 1.09483492
1.049081 1.05035971
1.0502218 1.04874423
1.04605215 1.04231444
1.0377376 1.03255836
1.02703509 1.02143858
1.01604223 1.01111225
1.00689807 1.00362333
1.00147788 1.00061093
1.00112566 1.00307553
1.00646235 1.01123619
1.01729723 1.02449929
1.03265516 1.04154327
1.05091571 1.06050713
1.07004431 1.07925597
1.08788255 1.09568555
1.10245612 1.10802255
1.0592892 1.06043819
1.05991581 1.05781282
1.05427692 1.04950733
1.04374771 1.03727734
1.03040108 1.02343841
1.0167119 1.01053562
1.00520387 1.00098052
0.998089552 0.996707008
0.996954628 0.998895483
1.0025317 1.00780439
1.01459577 1.02273338
1.03199633 1.0421232
1.05282151 1.06377818
1.07467085 1.08517946
1.09499777 1.10384439
1.1114729 1.11768072
1.06498919 1.06608959
1.06542319 1.06308595
1.05923396 1.05407787
1.04787521 1.04092122
1.03353818 1.02606377
1.01883902 1.01219592
1.00644556 1.00186688
0.998696665 0.997120994
0.997268561 0.999206039
1.00293568 1.00839522
1.01546017 1.02394821
1.03362583 1.04421671
1.05541165 1.0668797
1.0782801 1.08927451
1.09953921 1.10877674
1.11672661 1.12317468
1.06592356 1.06706114
1.06650492 1.0643469
1.06073673 1.05587633
1.05001262 1.04342862
1.03643329 1.02935039
1.02250681 1.01622086
1.01079075 1.00648392
1.00352734 1.00209942
1.00232353 1.0042636
1.00792176 1.01323836
1.02009401 1.02831395
1.03767433 1.04791022
1.05872521 1.06980203
1.08081399 1.09143674
1.10135993 1.1102984
1.11800241 1.12426668
1.06228925 1.06354622
1.06334387 1.06176146
1.05892794 1.05501726
1.05024216 1.0448465
1.03909644 1.03327093
1.02765162 1.02251273
1.01811122 1.01467747
1.01240706 1.01145368
1.01192364 1.013872
1.01730062 1.02215808
1.02834154 1.03570042
1.04404186 1.05313762
1.0627323 1.07255256
1.08231695 1.09174601
1.10057235 1.10855029
1.11546466 1.12113861
1.05471871 1.05616591
1.05652738 1.05586211
1.05426603 1.05186856
1.04882797 1.04532568
1.04155973 1.03773764
1.03406896 1.03075772
1.02799506 1.02595242
1.02477528 1.02457801
1.02543968 1.02740126
1.03046413 1.03459005
1.03970249 1.04568944
1.05240739 1.05968655
1.0673369 1.07515509
1.0829317 1.09045883
1.09753755 1.10398506
1.1096413 1.11437467
1.04421967 1.04590979
1.0469913 1.04749726
1.04748144 1.04701639
1.04619084 1.04510648
1.04387432 1.04261069
1.04143306 1.04045579
1.03978604 1.03951989
1.03973892 1.04050722
1.04186911 1.04384758
1.04644338 1.04963508
1.05337979 1.05761472
1.06225941 1.0672187
1.07238606 1.0776475
1.08288563 1.08798392
1.09283084 1.09732394
1.10137348 1.1049057
1.03207903 1.03404162
1.03593072 1.03775034
1.03950696 1.04120934
1.04286819 1.0444958
1.04610556 1.04771152
1.04932787 1.05096841
1.05264607 1.05437247
1.05615744 1.05800873
1.05993169 1.06192909
1.06400102 1.0661449
1.06835555 1.07062539
1.0729447 1.07530199
1.0776844 1.08007818
1.08246914 1.08484321
1.08718694 1.08948794
1.0917354 1.09392039
1.01974019 1.02197881
1.02468609 1.02783656
1.03138881 1.03528699
1.03946278 1.04383785
1.04832674 1.05283986
1.05728676 1.06157937
1.06563518 1.0693802
1.07275161 1.07570007
1.07819144 1.08020802
1.08174923 1.08283157
1.08348808 1.0837671
1.08373059 1.08345183
1.08301284 1.0825014
1.08200791 1.08162211
1.08142987 1.08151009
1.08193187 1.082752
1.00866545 1.01115735
1.01461537 1.01898701
1.02418693 1.03009995
1.03658524 1.04348136
1.0506121 1.05779279
1.06483698 1.0715631
1.07780107 1.08339835
1.08822548 1.09218069
1.09519361 1.0972278
1.09828202 1.09839031
1.09762075 1.09607303
1.09387483 1.09117726
1.08814938 1.08497216
1.08183194 1.07891371
1.07639449 1.07443694
1.0731835 1.07275126
1.00019658 1.00289488
1.00696464 1.01233137
1.01887389 1.02642871
1.03479591 1.04374631
1.05302978 1.06238415
1.07154474 1.08025382
1.08826994 1.09537654
1.10138985 1.10616542
1.10960334 1.11165187
1.11230927 1.11162384
1.10969225 1.106656
1.10269635 1.0980278
1.09289035 1.08754091
1.08224398 1.07726219
1.07284683 1.0692288
1.06661029 1.06515754
0.99542696 0.998265078
1.00274927 1.00879011
1.01624218 1.02490925
1.03455135 1.04489345
1.05563528 1.06646222
1.07705658 1.08710903
1.09632974 1.10445885
1.11127575 1.11660706
1.1203329 1.12239115
1.12277971 1.12155659
1.11883777 1.11479311
1.10964015 1.10363636
1.09706978 1.09024875
1.08349076 1.077111
1.07141109 1.06666816
1.06312489 1.06098079
0.995097278 0.997995316
1.00265711 1.00898685
1.01682871 1.02597243
1.0361609 1.0470994
1.05846621 1.06992423
1.08113303 1.09176118
1.10149813 1.11006543
1.1172267 1.12279619
1.12664542 1.12870783
1.12898119 1.12752762
1.12447144 1.11999462
1.11433028 1.10775426
1.10057523 1.09312355
1.08573941 1.07876056
1.07251015 1.06728514
1.06334556 1.06090519
0.999524965 1.00239731
1.00698295 1.01318882
1.02086355 1.02980289
1.03975709 1.05043986
1.06153871 1.07272613
1.08367147 1.09405277
1.10356838 1.11194779
1.1189614 1.12442877
1.12822509 1.13028572
1.13060847 1.12925371
1.12634219 1.12205067
1.11660559 1.11027493
1.1033585 1.09617723
1.08906157 1.0823396
1.07632523 1.07130692
1.06753727 1.06522393
1.00857392 1.01133741
1.0156004 1.02128144
1.02824805 1.03632146
1.0452831 1.05488239
1.06484584 1.07488681
1.08471591 1.09405135
1.10262912 1.11021248
1.11660047 1.12163516
1.12520733 1.12726039
1.12779244 1.1268563
1.12455766 1.12105123
1.11653519 1.11124406
1.10544027 1.09940469
1.09342652 1.08779292
1.08277862 1.07863609
1.07558641 1.07381131
1.02166747 1.02424932
1.02797392 1.03277921
1.03856422 1.04519271
1.05249811 1.06028946
1.06835833 1.07648629
1.08445277 1.09204304
1.0990559 1.10531093
1.11065498 1.11496769
1.11816582 1.12020626
1.12108755 1.12084995
1.11957399 1.11737759
1.11441177 1.11085527
1.10690807 1.10278423
1.09870414 1.09488664
1.09154111 1.08885994
1.08701162 1.08613465
1.03784337 1.04018811
1.04320992 1.04687201
1.05111458 1.05585691
1.0610003 1.0664316
1.07202733 1.07765807
1.08319314 1.08850531
1.09347537 1.09799642
1.10197772 1.10534798
1.10805786 1.11008182
1.11141899 1.11209324
1.11215228 1.11166596
1.11072377 1.10943162
1.10790797 1.10627967
1.10467729 1.10323049
1.10206333 1.1012898
1.10100972 1.10130515
1.05584553 1.05792029
1.06014189 1.06250235
1.06498869 1.06758341
1.07026512 1.07300926
1.07578906 1.07857645
1.0813431 1.0840614
1.08670551 1.08925225
1.09168193 1.0939791
1.09613305 1.09813825
1.0999945 1.10170699
1.10328605 1.10474685
1.10610878 1.10739481
1.10863065 1.10984378
1.11106254 1.11231504
1.11362818 1.11502669
1.11653221 1.11816254
1.07424375 1.07604141
1.07744167 1.07846612
1.07914987 1.0795403
1.07969533 1.07968136
1.0795709 1.07943988
1.07936501 1.07942098
1.07967774 1.08019804
1.08103514 1.08223088
1.08381423 1.08580016
1.0881892 1.09096733
1.09410656 1.09756587
1.10129275 1.10522504
1.1092932 1.11342279
1.11753716 1.12156022
1.12541914 1.12904703
1.1323853 1.13538577
1.09157007 1.09310991
1.09374602 1.09352746
1.0925341 1.09087368
1.08867792 1.08609785
1.08329831 1.08045204
1.07773346 1.07531242
1.07334801 1.07198294
1.07133832 1.07150932
1.07256178 1.07452979
1.07741453 1.08118413
1.0857749 1.09109361
1.09702081 1.10341515
1.11011847 1.11696149
1.12376991 1.13037065
1.13659815 1.14230023
1.14734366 1.1516189
1.10645872 1.10778462
1.10778659 1.10653653
1.10415143 1.1007891
1.09664255 1.09193301
1.08690195 1.08180243
1.07688999 1.0724134
1.06860577 1.06567613
1.0638019 1.06312252
1.06373442 1.06568757
1.06898365 1.07357602
1.07937136 1.08623309
1.09398621 1.10242367
1.11131377 1.12040853
1.12945259 1.13819243
1.14638547 1.15380882
1.16026727 1.16560037
1.11777632 1.11895254
1.11851085 1.11653913
1.11318033 1.10862731
1.10311594 1.09691656
1.09032427 1.08364833
1.07720099 1.0712863
1.0661891 1.06216485
1.05943035 1.05815602
1.05845971 1.06040245
1.06398632 1.06915432
1.07579241 1.08373366
1.09276425 1.10263113
1.11305116 1.12372129
1.13432946 1.14456587
1.15413405 1.16276164
1.17021008 1.17628328
1.12472994 1.12583501
1.12518244 1.12286768
1.11904605 1.11392706
1.10776695 1.1008594
1.09352501 1.08609975
1.07892283 1.07232456
1.06661439 1.06206983
1.05892643 1.0573693
1.05752647 1.05946428
1.06318494 1.06862655
1.07566522 1.08411962
1.09375742 1.10430375
1.115451 1.12686995
1.1382216 1.14916937
1.15939121 1.1685912
1.17651022 1.18293521
1.12694266 1.1280619
1.12745132 1.12520487
1.1214754 1.11646912
1.11043819 1.10367165
1.09648504 1.08920898
1.08217735 1.0757152
1.07012709 1.06568614
1.06262416 1.06112335
1.06130969 1.06324848
1.06694191 1.07232903
1.07928794 1.08764015
1.09715704 1.10756807
1.11857051 1.12984035
1.14104395 1.15185006
1.16194174 1.17102775
1.17885306 1.18520801
1.12448953 1.12570691
1.12538719 1.12361388
1.12052278 1.11629713
1.11116099 1.10537121
1.09920816 1.09296563
1.08694029 1.08142098
1.07667833 1.07295502
1.07045704 1.06934628
1.0697347 1.07168031
1.07518506 1.08019479
1.08660118 1.09424564
1.10292501 1.11239889
1.12239829 1.1326353
1.14281345 1.1526384
1.16182851 1.17012501
1.17730127 1.18317099
1.11789043 1.11928054
1.11947284 1.11853239
1.116565 1.11371349
1.11015246 1.10608206
1.10172077 1.09729755
1.09304358 1.08918394
1.08592955 1.0834695
1.08196432 1.08154018
1.08228431 1.08424193
1.08741454 1.09175996
1.09719377 1.10359237
1.11079745 1.11862168
1.12685544 1.13527435
1.1436474 1.15174521
1.15934831 1.16625503
1.17228877 1.17730436
1.10806045 1.10968145
1.1105581 1.11073081
1.11026537 1.10925051
1.10779473 1.10602241
1.10406933 1.10207777
1.10019138 1.09855004
1.09728481 1.09651321
1.096335 1.09682857
1.09804814 1.1000218
1.10275049 1.106208
1.11034186 1.11507528
1.12030986 1.1259292
1.13180303 1.13779192
1.14375231 1.14954165
1.15502357 1.16007275
1.16457943 1.1684534
1.09622272 1.09811074
1.09977882 1.10123892
1.10251045 1.10361965
1.10459857 1.10548397
1.10631596 1.10713657
1.10798826 1.10891235
1.10994758 1.11112866
1.11248506 1.11403996
1.11580936 1.11780158
1.12001689 1.12244754
1.12507803 1.12788567
1.13084139 1.13391079
1.13705539 1.14023399
1.14340416 1.1465238
1.1495526 1.15245354
1.15519418 1.15774789
1.08379176 1.08595747
1.08844863 1.09124757
1.09432554 1.09764372
1.10115469 1.10480406
1.10853246 1.11227768
1.11597693 1.11956903
1.12299668 1.1262085
1.12916088 1.13181953
1.13416076 1.13617228
1.13785367 1.13921641
1.14028342 1.14108829
1.14167404 1.14209156
1.14239781 1.14265375
1.14292215 1.14326534
1.14374295 1.14440976
1.14531377 1.14649441
