1.00253162 1.00424731 1.00614561 1.00798018 1.00975698 1.01148405 1.01317119 1.01482968 1.01647181 1.01811045 1.01975861 1.02142896 1.02313335 1.02488244 1.02668525 1.02829887
1.01828686 1.01973256 1.02093233 1.02163066 1.02187439 1.02172673 1.02126498 1.02057775 1.01976175 1.01891833 1.01814983 1.0175559 1.0172299 1.01725553 1.01770387 1.01845141
1.03489021 1.03606063 1.03653646 1.0360572 1.03471209 1.03262151 1.0299327 1.02681442 1.02345087 1.02003511 1.01676205 1.01382147 1.01139121 1.0096307 1.00867529 1.00851594
1.04876321 1.0497136 1.04961079 1.0481903 1.04557524 1.04193172 1.03746285 1.03240145 1.02700168 1.02152987 1.01625494 1.01143872 1.00732654 1.00413839 1.002061 1.00117677
1.0588693 1.05967589 1.05919491 1.05715927 1.05371424 1.04905578 1.04342354 1.03709222 1.03036167 1.02354612 1.01696286 1.0109208 1.00570941 1.00158821 0.998777535 0.997419565
1.06453104 1.06528376 1.06466113 1.06239508 1.05863916 1.05360054 1.04753253 1.04072553 1.03349651 1.02617764 1.01910431 1.01260309 1.00697996 1.00250927 0.999423928 0.997888508
1.06549468 1.06628861 1.06577435 1.06368458 1.0601665 1.05541872 1.0496841 1.04324102 1.03639335 1.02945955 1.02276114 1.01661121 1.01130307 1.00709976 1.00422455 1.00282489
1.06195434 1.06288063 1.06271443 1.06119083 1.05843665 1.054623 1.04995912 1.04468486 1.03906203 1.03336498 1.02787074 1.02284904 1.01855261 1.01520806 1.01300775 1.01204411
1.05453355 1.05567072 1.05605909 1.05543757 1.05390052 1.05157523 1.04861739 1.04520542 1.04153412 1.03780761 1.03423198 1.03100793 1.02832346 1.02634717 1.02522219 1.02495328
1.04422574 1.04563221 1.0467288 1.04725928 1.04727655 1.04685197 1.0460728 1.04503907 1.04385997 1.04264991 1.04152444 1.04059605 1.03997012 1.03974118 1.03998944 1.04060772
1.03229958 1.03400811 1.03589903 1.03772161 1.03948222 1.04118949 1.04285394 1.04448766 1.04610383 1.04771626 1.0493389 1.05098534 1.0526683 1.05439918 1.05618769 1.05780105
1.02017803 1.02219256 1.02488823 1.02801981 1.03154659 1.03541361 1.03955367 1.04388976 1.04833779 1.05280966 1.05721639 1.06147137 1.06549343 1.0692098 1.07255871 1.07518017
1.00930267 1.01159799 1.01503207 1.01936478 1.02451217 1.03036096 1.03677262 1.04358837 1.05063489 1.05773053 1.06469191 1.07134046 1.07750886 1.08304709 1.0878278 1.0913743
1.00099628 1.0035204 1.00755618 1.01286764 1.01933559 1.02679923 1.03506191 1.04389822 1.05306212 1.06229577 1.07133881 1.07993776 1.08785512 1.0948779 1.10082532 1.10512559
0.996336718 0.999015842 1.00345925 1.00943376 1.01679634 1.02535396 1.03487061 1.04507577 1.0556741 1.06635614 1.07680942 1.08672968 1.09583187 1.10386036 1.11059818 1.11540908
0.995500743 0.998249505 1.00287712 1.00915127 1.01691813 1.02597013 1.03605346 1.04687719 1.05812375 1.06946033 1.08055089 1.09106826 1.10070588 1.10918885 1.11628386 1.12132636
