1.00253165 1.00424731 1.0061456 1.00798023 1.00975704 1.01148403 1.0131712 1.01482975 1.01647186 1.01811051 1.01975858 1.02142894 1.0231334 1.02488244 1.02668524 1.02829885
1.01828682 1.01973259 1.02093232 1.02163064 1.02187443 1.02172673 1.02126503 1.02057779 1.0197618 1.01891828 1.01814985 1.01755583 1.01722991 1.01725554 1.01770389 1.01845133
1.03489017 1.03606057 1.03653646 1.03605723 1.03471208 1.0326215 1.02993274 1.02681446 1.02345085 1.02003515 1.01676202 1.01382148 1.01139116 1.00963068 1.00867522 1.00851583
1.04876316 1.04971361 1.04961073 1.04819024 1.04557526 1.04193175 1.03746283 1.03240144 1.02700174 1.02152991 1.0162549 1.01143873 1.00732648 1.00413835 1.00206101 1.00117671
1.05886936 1.05967593 1.05919492 1.0571593 1.05371428 1.04905581 1.04342353 1.03709221 1.03036165 1.02354622 1.01696289 1.01092076 1.00570941 1.00158823 0.998777509 0.997419596
1.06453109 1.06528378 1.06466115 1.0623951 1.05863917 1.05360055 1.04753256 1.04072547 1.0334965 1.02617764 1.01910436 1.01260304 1.00697994 1.00250936 0.999423921 0.997888505
1.06549466 1.06628859 1.06577444 1.06368458 1.0601666 1.05541873 1.04968405 1.04324102 1.0363934 1.0294596 1.02276111 1.01661122 1.01130307 1.00709975 1.00422454 1.0028249
1.06195438 1.06288064 1.06271446 1.06119084 1.05843663 1.05462301 1.04995918 1.04468489 1.03906202 1.03336501 1.02787077 1.02284896 1.01855266 1.01520813 1.01300776 1.01204407
1.0545336 1.05567074 1.05605912 1.05543756 1.05390048 1.05157518 1.04861736 1.04520535 1.04153407 1.03780758 1.03423202 1.03100789 1.02832341 1.02634716 1.02522218 1.02495325
1.04422581 1.04563224 1.04672885 1.04725933 1.0472765 1.04685199 1.04607284 1.04503906 1.04385996 1.04264987 1.04152441 1.04059601 1.03997016 1.03974116 1.03998947 1.04060769
1.03229952 1.03400815 1.03589904 1.03772163 1.03948224 1.04118943 1.04285395 1.04448771 1.04610384 1.04771626 1.04933894 1.05098534 1.05266833 1.05439913 1.05618763 1.05780101
1.02017808 1.0221926 1.02488828 1.02801979 1.03154659 1.03541362 1.03955364 1.04388976 1.04833782 1.05280972 1.05721641 1.06147134 1.06549346 1.06920981 1.07255876 1.07518017
1.00930262 1.01159799 1.01503205 1.01936483 1.02451217 1.03036094 1.03677261 1.0435884 1.05063486 1.05773056 1.0646919 1.07134044 1.07750893 1.08304703 1.0878278 1.09137428
1.00099623 1.00352037 1.0075562 1.01286769 1.01933563 1.0267992 1.03506184 1.04389822 1.05306208 1.06229579 1.07133877 1.07993782 1.0878551 1.09487784 1.10082531 1.10512555
0.996336699 0.999015868 1.00345933 1.00943375 1.01679635 1.02535391 1.03487062 1.04507577 1.05567408 1.06635618 1.07680941 1.08672965 1.09583187 1.10386038 1.11059821 1.11540914
0.995500743 0.998249531 1.00287712 1.00915122 1.01691806 1.02597022 1.03605354 1.04687715 1.05812371 1.06946039 1.08055091 1.09106827 1.10070586 1.10918891 1.11628389 1.12132633
