1 1.00199997 1.00399995 1.00600004 1.00800002 1.00999999 1.01199996 1.01400006 1.01600003 1.01800001 1.01999998 1.02199996 1.02400005 1.02600002 1.028 1.02999997
1.01825297 1.0199784 1.02116489 1.02184141 1.02205586 1.0218724 1.02136958 1.02063751 1.01977444 1.01888359 1.01806891 1.01743162 1.01706684 1.01705956 1.01748192 1.01839089
1.0350517 1.03652894 1.03697932 1.03645873 1.03505778 1.0328989 1.03013182 1.02692819 1.02347505 1.01996899 1.01660788 1.01358485 1.01108062 1.00925732 1.00825262 1.00817454
1.04908097 1.05035973 1.0502218 1.0487442 1.0460521 1.04231441 1.03773761 1.03255832 1.02703512 1.0214386 1.01604223 1.01111221 1.00689805 1.00362337 1.00147784 1.00061095
1.05928922 1.06043816 1.05991578 1.05781281 1.05427694 1.04950738 1.04374766 1.03727734 1.03040111 1.02343845 1.01671195 1.0105356 1.00520384 1.0009805 0.998089552 0.996707022
1.06498921 1.06608963 1.06542325 1.06308591 1.05923402 1.05407786 1.04787517 1.04092121 1.03353822 1.0260638 1.018839 1.01219594 1.00644553 1.00186694 0.998696685 0.997120976
1.06592357 1.06706119 1.06650496 1.06434691 1.06073678 1.05587637 1.05001259 1.04342866 1.03643334 1.0293504 1.02250683 1.01622081 1.01079071 1.00648391 1.00352728 1.00209939
1.06228924 1.06354618 1.06334388 1.0617615 1.05892789 1.05501723 1.05024219 1.04484653 1.03909647 1.03327096 1.02765167 1.02251267 1.01811123 1.01467752 1.01240706 1.01145363
1.05471873 1.05616593 1.05652738 1.05586207 1.05426598 1.05186856 1.04882801 1.04532564 1.0415597 1.03773761 1.03406894 1.03075767 1.02799511 1.02595246 1.02477527 1.02457798
1.04421973 1.04590976 1.04699135 1.04749727 1.04748142 1.04701638 1.04619086 1.04510653 1.04387426 1.04261065 1.0414331 1.04045582 1.03978598 1.03951991 1.03973889 1.0405072
1.03207898 1.03404164 1.03593075 1.03775036 1.03950691 1.04120934 1.04286814 1.04449582 1.0461055 1.04771149 1.04932785 1.05096841 1.05264604 1.05437243 1.05615747 1.05800867
1.01974022 1.02197886 1.0246861 1.02783656 1.03138876 1.03528702 1.0394628 1.0438379 1.04832673 1.05283988 1.05728674 1.06157935 1.0656352 1.06938016 1.07275164 1.07570004
1.00866544 1.01115739 1.01461542 1.01898706 1.02418697 1.03009999 1.03658521 1.04348135 1.05061209 1.05779278 1.06483698 1.07156312 1.07780111 1.08339834 1.08822548 1.09218073
1.00019658 1.00289488 1.00696468 1.01233137 1.01887393 1.0264287 1.03479588 1.04374635 1.05302978 1.06238413 1.07154477 1.08025384 1.08826995 1.09537649 1.10138988 1.10616541
0.995426953 0.998265088 1.00274932 1.00879014 1.01624215 1.02490926 1.03455138 1.0448935 1.05563533 1.06646228 1.07705653 1.08710897 1.09632969 1.10445881 1.11127579 1.11660707
0.99509728 0.997995317 1.00265706 1.00898683 1.01682866 1.02597249 1.03616095 1.04709935 1.0584662 1.06992424 1.08113301 1.09176123 1.10149813 1.11006546 1.11722672 1.12279618
