0
-0.0182529688
-0.0167987347
-0.0140292645
-0.0102082491
-0.00569999218
-0.000934362411
0.00363433361
0.00757050514
0.0104990005
0.0121407509
0.0123387575
0.0110747814
0.00846886635
0.00476962328
0.00032967329
0
-0.0179784298
-0.0165505409
-0.013830781
-0.0100784302
-0.005651474
-0.00097155571
0.00351500511
0.00738024712
0.0102561712
0.0118681192
0.012062788
0.0108214617
0.00826251507
0.00462979078
0.000269770622
0
-0.0171649456
-0.0158144236
-0.0132424831
-0.00969398022
-0.00550746918
-0.00108170509
0.00316107273
0.00681650639
0.00953602791
0.0110605955
0.0112446547
0.0100706816
0.00765073299
0.00421535969
9.22679901e-05
0
-0.0158413649
-0.0146173239
-0.012285471
-0.00906860828
-0.00527310371
-0.00126099586
0.00258541107
0.00589942932
0.00836479664
0.00974690914
0.00991380215
0.00884950161
0.00665569305
0.00354123116
-0.000196695328
0
-0.0140558481
-0.0130019188
-0.0109943151
-0.00822484493
-0.00495707989
-0.0015027523
0.00180888176
0.00466191769
0.0067845583
0.00797450542
0.00811815262
0.00720179081
0.00531303883
0.00263178349
-0.000586509705
0
-0.0118724108
-0.0110265017
-0.00941550732
-0.00719296932
-0.00457048416
-0.00179851055
0.00085914135
0.00314867496
0.00485217571
0.00580704212
0.0059223175
0.00518703461
0.00367128849
0.0015194416
-0.00106322765
0
-0.00936961174
-0.00876224041
-0.00760579109
-0.00601005554
-0.00412750244
-0.00213742256
-0.000229597092
0.0014141798
0.0026371479
0.00332272053
0.00340533257
0.00287759304
0.00178933144
0.000244498253
-0.00160956383
0
-0.00663745403
-0.00629067421
-0.00563013554
-0.00471901894
-0.00364387035
-0.0025074482
-0.00141787529
-0.000479102135
0.000219106674
0.00061070919
0.000657916069
0.000356554985
-0.000265002251
-0.00114715099
-0.00220584869
0
-0.00377440453
-0.00370061398
-0.00356006622
-0.0033659935
-0.00313711166
-0.00289511681
-0.00266313553
-0.00246322155
-0.00231456757
-0.00223124027
-0.00222122669
-0.00228536129
-0.0024176836
-0.00260555744
-0.002830863
0
-0.000883579254
-0.00108540058
-0.00146961212
-0.00199985504
-0.00262534618
-0.00328660011
-0.00392055511
-0.00446665287
-0.00487303734
-0.00510084629
-0.00512838364
-0.00495290756
-0.00459134579
-0.0040781498
-0.00346195698
0
0.00193107128
0.00146102905
0.000565648079
-0.000669717789
-0.00212705135
-0.00366783142
-0.00514483452
-0.00641727448
-0.00736415386
-0.00789475441
-0.00795888901
-0.00755023956
-0.00670778751
-0.00551176071
-0.00407648087
0
0.00456833839
0.00384676456
0.00247263908
0.000576615334
-0.00166034698
-0.00402486324
-0.0062918663
-0.0082449913
-0.00969815254
-0.0105125904
-0.0106109381
-0.009983778
-0.00869071484
-0.0068551302
-0.00465226173
0
0.00693321228
0.00598621368
0.00418257713
0.00169420242
-0.00124168396
-0.0043451786
-0.00732052326
-0.00988388062
-0.0117908716
-0.0128600597
-0.0129891634
-0.012165904
-0.0104688406
-0.00805974007
-0.00516843796
0
0.0089404583
0.007802248
0.00563395023
0.00264286995
-0.000886440277
-0.00461697578
-0.0081936121
-0.0112749338
-0.0135674477
-0.0148525238
-0.0150077343
-0.014018178
-0.0119781494
-0.00908231735
-0.00560665131
0
0.010518074
0.00922930241
0.00677478313
0.00338828564
-0.000607132912
-0.00483059883
-0.00887978077
-0.0123682022
-0.0149636269
-0.0164185762
-0.0165941715
-0.0154738426
-0.0131644011
-0.00988590717
-0.00595092773
0
0.0116090775
0.0102163553
0.007563591
0.00390392542
-0.000413954258
-0.00497841835
-0.00935423374
-0.0131243467
-0.0159292221
-0.0175014734
-0.0176913738
-0.0164806843
-0.0139846802
-0.0104416609
-0.00618910789
