0
0
0
0
0
0
0
0
0
0
0
0
0
0
0
0
-0.00199997425
-0.00172543526
-0.00147724152
-0.00127875805
-0.00114893913
-0.00110042095
-0.00113761425
-0.00125694275
-0.00144720078
-0.0016900301
-0.00196266174
-0.00223863125
-0.00249195099
-0.00269830227
-0.00283813477
-0.00289803743
-0.00199997425
-0.00118649006
-0.000450372696
0.000137925148
0.000522375107
0.000666379929
0.000556230545
0.000202298164
-0.000361442566
-0.00108158588
-0.00188910961
-0.00270724297
-0.00345802307
-0.00406980515
-0.00448423624
-0.00466173887
-0.00200009346
-0.000676512718
0.000520586967
0.00147759914
0.00210297108
0.00233733654
0.00215804577
0.00158238411
0.000665307045
-0.000505924225
-0.0018196106
-0.0031504631
-0.00437164307
-0.00536668301
-0.00604081154
-0.00632977486
-0.00199997425
-0.000214457512
0.00140094757
0.00269210339
0.00353586674
0.00385189056
0.00361013412
0.00283360481
0.00159609318
1.58548355e-05
-0.00175654888
-0.00355219841
-0.00519990921
-0.00654256344
-0.00745201111
-0.00784182549
-0.00199997425
0.000183463097
0.00215888023
0.00373768806
0.00476956367
0.0051561594
0.00486040115
0.00391066074
0.00239741802
0.000465035439
-0.00170242786
-0.00389826298
-0.00591301918
-0.00755476952
-0.0086671114
-0.00914382935
-0.00199997425
0.000502824783
0.00276708603
0.00457680225
0.00575971603
0.00620269775
0.00586378574
0.0047750473
0.00304055214
0.00082552433
-0.00165879726
-0.0041757822
-0.00648522377
-0.00836718082
-0.00964212418
-0.0101884604
-0.00200009346
0.000732064247
0.00320363045
0.005179286
0.00647032261
0.0069539547
0.00658392906
0.00539565086
0.00350236893
0.0010843277
-0.00162768364
-0.00437510014
-0.00689613819
-0.00895047188
-0.0103421211
-0.010938406
-0.00199997425
0.000863075256
0.00345313549
0.0055232048
0.00687623024
0.00738298893
0.00699532032
0.00575006008
0.00376594067
0.00123226643
-0.00160968304
-0.0044888258
-0.00713074207
-0.00928342342
-0.0107418299
-0.0113668442
-0.00199997425
0.000890851021
0.00350606441
0.00559651852
0.00696265697
0.00747442245
0.00708293915
0.00582551956
0.00382208824
0.00126361847
-0.00160598755
-0.00451314449
-0.00718069077
-0.00935435295
-0.0108269453
-0.0114580393
-0.00199997425
0.000814676285
0.00336110592
0.00539636612
0.00672650337
0.0072247982
0.00684356689
0.00561928749
0.00366866589
0.00117754936
-0.00161635876
-0.00444686413
-0.00704419613
-0.00916063786
-0.0105942488
-0.0112087727
-0.00199997425
0.000637292862
0.00302302837
0.00493001938
0.0061763525
0.00664305687
0.00628602505
0.00513899326
0.00331127644
0.000977277756
-0.00164055824
-0.00429260731
-0.00672614574
-0.00870907307
-0.0100524426
-0.0106282234
-0.00200009346
0.000364780426
0.00250422955
0.00421416759
0.00533175468
0.00575041771
0.00543010235
0.00440144539
0.00276255608
0.000669836998
-0.00167763233
-0.00405585766
-0.0062379837
-0.00801610947
-0.00922071934
-0.00973689556
-0.00199997425
7.27176666e-06
0.00182330608
0.00327467918
0.00422334671
0.00457859039
0.00430679321
0.00343370438
0.00204265118
0.000266075134
-0.00172638893
-0.00374495983
-0.00559723377
-0.00710654259
-0.00812911987
-0.00856733322
-0.00199997425
-0.000422358513
0.00100469589
0.00214552879
0.00289094448
0.00317025185
0.0029566288
0.00227046013
0.00117719173
-0.000218987465
-0.0017850399
-0.00337147713
-0.00482714176
-0.0060133934
-0.00681698322
-0.00716125965
-0.00199997425
-0.000908970833
7.80820847e-05
0.000866889954
0.00138252974
0.00157570839
0.00142788887
0.000953435898
0.000197291374
-0.000768303871
-0.00185120106
-0.00294840336
-0.00395524502
-0.00477552414
-0.00533127785
-0.00556945801
