0.999884748 1.00401722
1.00591513 1.00774935
1.00952584 1.01125262
1.01293952 1.01459778
1.01623969 1.01787812
1.01952608 1.0211962
1.02290035 1.02464916
1.02645165 1.02831492
1.01823611 1.01973256
1.02093234 1.02163066
1.02187438 1.02172673
1.02126498 1.02057775
1.01976175 1.01891833
1.01814984 1.0175559
1.0172299 1.01725553
1.01770387 1.01863075
1.03499987 1.03606063
1.03653646 1.0360572
1.03471209 1.03262151
1.0299327 1.02681442
1.02345087 1.02003511
1.01676205 1.01382147
1.0113912 1.0096307
1.00867529 1.00863137
1.04900092 1.0497136
1.04961079 1.0481903
1.04557524 1.04193172
1.03746285 1.03240145
1.02700168 1.02152987
1.01625494 1.01143872
1.00732654 1.00413839
1.002061 1.00124111
1.05919045 1.05967588
1.05919491 1.05715927
1.05371424 1.04905578
1.04342354 1.03709222
1.03036167 1.02354612
1.01696286 1.0109208
1.00570941 1.00158821
0.998777535 0.997450517
1.06488301 1.06528376
1.06466113 1.06239508
1.05863916 1.05360054
1.04753253 1.04072553
1.03349651 1.02617764
1.01910431 1.01260309
1.00697996 1.00250927
0.999423928 0.997906954
1.06582183 1.06628861
1.06577435 1.06368458
1.06016651 1.05541873
1.0496841 1.04324101
1.03639335 1.02945954
1.02276114 1.01661121
1.01130307 1.00709976
1.00422455 1.0028529
1.06220337 1.06288063
1.06271443 1.06119083
1.05843665 1.054623
1.04995912 1.04468486
1.03906203 1.03336498
1.02787074 1.02284904
1.01855261 1.01520806
1.01300775 1.01210286
1.05465848 1.05567072
1.05605909 1.05543757
1.05390052 1.05157524
1.04861739 1.04520543
1.04153412 1.03780761
1.03423198 1.03100793
1.02832345 1.02634717
1.02522219 1.02506099
1.04419239 1.04563221
1.04672879 1.04725928
1.04727655 1.04685197
1.0460728 1.04503907
1.04385997 1.04264991
1.04152444 1.04059605
1.03997012 1.03974118
1.03998944 1.04077796
1.03208877 1.0340081
1.03589903 1.03772161
1.03948222 1.04118949
1.04285394 1.04448766
1.04610383 1.04771626
1.0493389 1.05098534
1.0526683 1.05439918
1.05618769 1.05804142
1.01978742 1.02219256
1.02488823 1.02801981
1.03154658 1.03541361
1.03955367 1.04388976
1.04833779 1.05280966
1.05721639 1.06147137
1.06549343 1.0692098
1.0725587 1.07549159
1.00874702 1.01159799
1.01503207 1.01936478
1.02451217 1.03036096
1.03677262 1.04358837
1.05063488 1.05773053
1.06469191 1.07134046
1.07750886 1.08304709
1.0878278 1.09175092
1.00030599 1.0035204
1.00755618 1.01286764
1.01933559 1.02679923
1.03506191 1.04389822
1.05306212 1.06229577
1.07133881 1.07993776
1.08785512 1.09487789
1.10082532 1.10555533
0.995555014 0.999015842
1.00345925 1.00943376
1.01679633 1.02535396
1.03487061 1.04507577
1.0556741 1.06635614
1.07680942 1.08672968
1.09583186 1.10386036
1.11059818 1.11587481
0.995232936 0.998799755
1.00341785 1.00967652
1.01742248 1.02644893
1.03650298 1.04729475
1.05850781 1.06981056
1.0808682 1.09135471
1.10096466 1.10942415
1.1165007 1.12201159
265.823483 276.196965
1.03024386 1.03224102
1.03430649 1.03643788
1.03863047 1.04087729
1.04316945 1.04549643
1.04784642 1.05020684
1.05256467 1.05490704
1.0572216 1.059497
1.06172299 0.92919037
1.02007481 1.02205605
1.02457514 1.0276134
1.03113347 1.03508063
1.03938481 1.04396307
1.04872262 1.05356413
1.05838534 1.0630847
1.06756507 1.07173717
1.07510393 0.944201829
1.00957248 1.01153674
1.01452544 1.01850299
1.02339821 1.02910691
1.0354956 1.04240632
1.04966234 1.05707448
1.06444794 1.07158933
1.0783136 1.08445073
1.08927971 0.957978929
1.00178022 1.00373091
1.00709497 1.01182327
1.01781765 1.02493432
1.03298913 1.04176417
1.05101559 1.06048239
1.06989584 1.07898912
1.08750692 1.09521466
1.10121238 0.969517663
0.997726903 0.999668729
1.00327809 1.00849705
1.01520978 1.02324664
1.03239036 1.04238383
1.05293935 1.06374899
1.07449568 1.08486462
1.09455459 1.10328881
1.11005036 0.977968272
0.998084929 1.00002344
1.00372468 1.00912743
1.01610924 1.02449077
1.03404236 1.04449222
1.05553622 1.06684884
1.07809493 1.08894169
1.09907072 1.10818945
1.1152371 0.982775379
1.00310617 1.00504722
1.00867816 1.01394031
1.02071626 1.0288341
1.03807365 1.04817434
1.05884463 1.06977245
1.08063647 1.09111768
1.1009108 1.10973537
1.11656414 0.983730961
1.01259793 1.01454714
1.01795231 1.02276286
1.02887765 1.03614856
1.0443859 1.05336518
1.06283519 1.07252708
1.08216401 1.09147111
1.1001854 1.1080652
1.11419095 0.980994166
1.02594134 1.02790355
1.03094898 1.03504
1.04010135 1.04602285
1.05266335 1.05985585
1.06741345 1.07513613
1.08281791 1.09025431
1.09724966 1.10362417
1.10862979 0.975076142
1.04215033 1.04412914
1.04671517 1.0498873
1.05360338 1.05780161
1.06240289 1.0673136
1.07242897 1.07763687
1.08282185 1.08786927
1.09266946 1.09712164
1.10069681 0.966791336
1.05996564 1.06196308
1.06403384 1.06617535
1.06838254 1.07064795
1.07296202 1.07531345
1.07768958 1.0800769
1.08246144 1.08482937
1.08716745 1.08946352
1.09143428 0.957179799
1.07797489 1.07999121
1.08153994 1.08263735
1.08331591 1.08362319
1.0836201 1.08337875
1.0829798 1.08250959
1.08205703 1.08171039
1.08155414 1.08166587
1.08201123 0.947408077
1.09474721 1.09678084
1.09785059 1.09798993
1.09726583 1.09577635
1.09364707 1.09102661
1.08808127 1.08498903
1.08193319 1.0790957
1.07665066 1.07475808
1.07361198 0.938657999
1.10896964 1.11101738
1.11169681 1.11105547
1.10918842 1.10623484
1.10237302 1.09781394
1.09279366 1.08756486
1.08238772 1.07752053
1.07321049 1.06968468
1.06732325 0.93201396
1.11957232 1.12162961
1.12204463 1.12087441
1.11823306 1.11428762
1.10925209 1.10337968
1.09695373 1.0902775
1.08366327 1.07742107
1.07184756 1.06721532
1.06403057 0.928359619
1.12583046 1.12789185
1.12819355 1.12679668
1.12382349 1.119453
1.11391447 1.10747923
1.10045088 1.09315435
1.08592426 1.0790928
1.07297783 1.06787142
1.06433383 0.928293604
271.230649 287.811991
0.999656405 1.00317874
1.00772193 1.01385876
1.02144033 1.03026576
1.04008939 1.05062963
1.06157911 1.07261572
1.08341421 1.09365793
1.10305017 1.11132486
1.11825617 1.12366662
1.00868965 1.01202132
1.01624717 1.02186778
1.02875286 1.03672657
1.04557393 1.05504848
1.0648812 1.07479018
1.08449076 1.09370578
1.10217557 1.10966728
1.11598324 1.12096811
1.02175743 1.02477052
1.02846682 1.03322605
1.03894893 1.04550144
1.05271975 1.06041603
1.06838528 1.07641264
1.08428118 1.09177969
1.09871026 1.10489544
1.11018459 1.11445934
1.03789988 1.04049692
1.04350195 1.04713676
1.05134252 1.05603983
1.06113162 1.06650659
1.0720433 1.07761444
1.08309148 1.08834927
1.09327058 1.09775024
1.10169902 1.10504679
1.05586403 1.05798726
1.06020522 1.06255976
1.06503812 1.06762308
1.0702936 1.07302552
1.07579252 1.07856699
1.08132105 1.08402756
1.0866611 1.08919886
1.09162149 1.09391378
1.07422322 1.07586016
1.07727027 1.07831073
1.07901609 1.07943294
1.07961825 1.07963735
1.07956153 1.07946549
1.07942468 1.07951256
1.07979794 1.08034253
1.08119872 1.08240766
1.09151316 1.09269772
1.09335621 1.09317408
1.09222986 1.09062952
1.08850264 1.08599775
1.083277 1.08051028
1.07786916 1.07552069
1.07362136 1.07231153
1.07171032 1.07191135
1.10637149 1.10718078
1.10721555 1.10601884
1.10370572 1.10043142
1.09638577 1.09178637
1.08687073 1.08188775
1.07708878 1.07271851
1.06900621 1.0661575
1.06434687 1.06371147
1.11766766 1.11821462
1.11781301 1.11590649
1.11263566 1.10819021
1.10280214 1.09673736
1.09028612 1.08375259
1.07744393 1.07165916
1.06667846 1.0627531
1.06009632 1.05887574
1.12461072 1.12503336
1.12442433 1.1221804
1.11845433 1.11345221
1.10742605 1.10066472
1.09348356 1.08621302
1.07918675 1.07272962
1.06714602 1.06270889
1.05964992 1.05815118
1.12682471 1.12727294
1.12670521 1.12452847
1.12089305 1.11600178
1.11010268 1.10348005
1.09644425 1.08932046
1.08243709 1.07611385
1.0706503 1.06631508
1.0633362 1.06189285
1.12438448 1.12500585
1.12472421 1.12301284
1.12000532 1.11588186
1.11086287 1.10520096
1.09917191 1.09306469
1.08717109 1.08177521
1.07714325 1.07351389
1.07108974 1.07003005
1.11780861 1.11873422
1.1189562 1.11806401
1.11616175 1.11338988
1.10992014 1.10594939
1.10169252 1.09737474
1.09322344 1.08945999
1.08629185 1.08390501
1.08245737 1.08207302
1.10800991 1.10934195
1.11023704 1.11043975
1.11001478 1.10904941
1.10765036 1.10593997
1.10405178 1.10212574
1.10030315 1.09872158
1.09750995 1.09678385
1.0966414 1.09715969
1.09621054 1.0995268
1.10109764 1.10239955
1.10345765 1.10430586
1.10498561 1.10554444
1.10603421 1.10650928
1.10702452 1.10763338
1.10838593 1.10932707
1.1104949 1.11191938
0.948254352 0.950215645
0.952395217 0.954843975
0.957536775 0.960439665
0.963511171 0.966703725
0.9699654 0.973241788
0.976477971 0.979620441
0.982619082 0.985428956
0.988011921 0.990337986
275.923617 297.780639
1.12743345 1.12949308
1.12984337 1.12854368
1.12571278 1.12152454
1.11620168 1.11000777
1.10323771 1.09620715
1.08924113 1.08266233
1.07677953 1.07187643
1.06849013 0.932072443
1.12451447 1.12656666
1.12712281 1.12623487
1.12400679 1.12059075
1.11618168 1.11101024
1.10533455 1.09943088
1.09358368 1.08807538
1.08317623 1.07913453
1.07638922 0.939586154
1.1176378 1.11967758
1.12057723 1.12037636
1.11915418 1.11702666
1.11414236 1.11067708
1.1068275 1.10280419
1.0988239 1.0951019
1.09184412 1.0892398
1.08756407 0.950368666
1.10774501 1.10976858
1.11111663 1.11181265
1.11190355 1.11145804
1.11056415 1.10932604
1.10786024 1.10629149
1.10474825 1.10335803
1.10224286 1.10151486
1.10123535 0.96364232
1.0960652 1.09807032
1.09992893 1.10164613
1.10323211 1.10470176
1.10607416 1.10737192
1.1086203 1.10984635
1.11107793 1.1123427
1.11366712 1.1150755
1.11638572 0.978391931
1.08399785 1.08598401
1.08836666 1.09113203
1.09425255 1.09768791
1.10138644 1.10528701
1.10932122 1.11341585
1.11749551 1.12148536
1.12531377 1.12891494
1.13185686 0.993461637
1.07297936 1.0749479
1.07781811 1.08155866
1.08610691 1.09137114
1.09723387 1.10355607
1.11018219 1.11694571
1.12367519 1.13020041
1.13635851 1.14199982
1.14645986 1.00766505
1.06434616 1.06630007
1.06957488 1.07412469
1.07985773 1.08663965
1.09429833 1.10263012
1.11140711 1.12038541
1.12931384 1.13794304
1.14603442 1.15336874
1.15908858 1.01989836
1.05920727 1.06115096
1.06470883 1.06982482
1.07638678 1.0842305
1.09314568 1.10288342
1.11316523 1.12369303
1.1341599 1.1442611
1.15370505 1.16222384
1.16882507 1.02924557
1.05833861 1.06027743
1.06396985 1.06935496
1.07631093 1.08465937
1.09417179 1.10457783
1.11557492 1.12683925
1.13803739 1.14883828
1.15892515 1.16800695
1.17502714 1.03506585
1.06210897 1.06404876
1.06771439 1.07304591
1.07992342 1.08817136
1.09756485 1.10783781
1.11869247 1.12981014
1.14086266 1.15152421
1.16148306 1.17045275
1.17738951 1.03705458
1.07044492 1.07239143
1.07587147 1.0808318
1.08716586 1.09471766
1.10328738 1.11263858
1.12250666 1.13260845
1.14265236 1.15234885
1.16142094 1.16961408
1.17597298 1.03527241
1.08283777 1.08479609
1.08794945 1.09225637
1.09763381 1.1039602
1.11107984 1.11880846
1.12693989 1.13525343
1.14352187 1.15151958
1.15903069 1.16585687
1.17119859 1.03013949
1.09839208 1.10036617
1.1030829 1.10651648
1.11061531 1.11530386
1.12048535 1.12604527
1.13185551 1.13777892
1.1436743 1.14940144
1.1548262 1.15982532
1.16380749 1.02239542
1.11362122 1.11561116
1.11788955 1.12044638
1.1232616 1.12630588
1.12954162 1.13292435
1.13640431 1.13992823
1.14344125 1.14688893
1.15021916 1.15338406
1.15602308 1.01303059
0.992386431 0.994146506
0.995617846 0.996810489
0.997744483 0.998449206
0.998962285 0.999328229
0.999596856 0.999821483
1.00005701 1.00035795
1.00077645 1.00136043
1.00215167 0.859871407
281.072563 309.186747
0.999740201 1.00569144
1.00750199 1.00919382
1.01077836 1.01227054
1.01368859 1.01505344
1.01638791 1.01771591
1.0190616 1.02044849
1.02189861 1.02343172
1.02506458 1.02681037
1.01813069 1.01977207
1.02094302 1.02164199
1.02188661 1.02174005
1.02127958 1.02059374
1.0197792 1.01893727
1.01817021 1.01757763
1.01725282 1.01727947
1.01772859 1.018656
1.03483496 1.03565313
1.03610085 1.03566229
1.03437208 1.03234866
1.02973682 1.02670256
1.02342706 1.0201002
1.01691369 1.01405422
1.01169668 1.0099979
1.00909101 1.00908064
1.04878828 1.04915033
1.0490098 1.04764546
1.04510617 1.04155528
1.0371926 1.03224712
1.02696883 1.02161967
1.01646416 1.01175983
1.00774799 1.004645
1.00263454 1.00186094
1.05894633 1.05901078
1.05848584 1.05651645
1.0531608 1.04861165
1.04310469 1.03691013
1.0303229 1.02365207
1.0172097 1.01129966
1.00620664 1.00218593
0.999454225 0.998181821
1.06462661 1.06458046
1.06391158 1.06171556
1.05805413 1.05313104
1.04719548 1.04053305
1.03345553 1.02628963
1.01936525 1.01300358
1.00750558 1.00314112
1.00013925 0.998680012
1.06557343 1.06561437
1.06505577 1.06303314
1.05960564 1.05496863
1.04936097 1.04305649
1.03635406 1.02956691
1.0230113 1.01699515
1.01180698 1.0077055
1.00491032 1.00359402
1.06198242 1.06229996
1.06209533 1.06062957
1.05795344 1.05423522
1.04968073 1.04452588
1.03902818 1.03345748
1.02808626 1.02317983
1.01898676 1.01572994
1.01359858 1.01274137
1.05448175 1.05523916
1.05559848 1.05502
1.05354101 1.05128673
1.04841027 1.04508714
1.04150894 1.03787643
1.03439233 1.03125403
1.02864646 1.02673545
1.02566176 1.02553604
1.04407231 1.0453911
1.0464706 1.0470252
1.04707502 1.04669024
1.0459567 1.04497277
1.04384585 1.04268849
1.04161433 1.040734
1.04015118 1.03995883
1.04023585 1.04104425
1.03203232 1.03398062
1.03586786 1.03769335
1.03945789 1.04116996
1.04283992 1.04447965
1.04610212 1.04772092
1.04934976 1.051002
1.05269016 1.05442546
1.05621744 1.05807357
1.01979543 1.0223815
1.02508705 1.02820006
1.03170177 1.03553814
1.03964308 1.04394082
1.04834866 1.05277995
1.05714717 1.06136514
1.065354 1.0690422
1.07236896 1.07528654
1.00881409 1.0119855
1.01544193 1.01973635
1.02483208 1.03061768
1.03695692 1.04369362
1.05065729 1.05766929
1.06454923 1.07112146
1.07722144 1.08270159
1.08743666 1.0913282
1.00042104 1.0040697
1.00813801 1.01339511
1.01978972 1.02716367
1.03532354 1.04404763
1.05309393 1.06220883
1.07113626 1.07962689
1.08744711 1.09438743
1.10027006 1.10495525
0.995702314 0.999674723
1.00415758 1.01006685
1.01734139 1.02579137
1.03518463 1.04525509
1.05571228 1.0662518
1.07656631 1.08635656
1.09534216 1.10327169
1.10993174 1.11515458
0.995393621 0.999505548
1.00416611 1.01035487
1.01800651 1.02691761
1.03683945 1.0474869
1.05854872 1.06969876
1.08060771 1.09095491
1.10043994 1.1087934
1.11578661 1.12123987
265.823312 276.192556
1.0286782 1.03067281
1.03279433 1.03503837
1.0373961 1.03985463
1.04239741 1.04500487
1.04765513 1.05032473
1.05298954 1.05562561
1.05821 1.06072161
1.06184846 0.812981148
1.0201003 1.02208149
1.02460024 1.02763789
1.03115707 1.03510313
1.039406 1.04398281
1.0487408 1.05358072
1.05840035 1.0630982
1.06757717 1.0713814
1.07499757 0.826215029
1.01003913 1.01200398
1.01497645 1.01892153
1.02376923 1.02941705
1.0357337 1.04256381
1.04973355 1.05705684
1.06434209 1.07139909
1.07804581 1.08359745
1.08902086 0.838269795
1.00242404 1.00437554
1.0077172 1.01240072
1.01832952 1.0253622
1.03331762 1.04198144
1.05111383 1.06045806
1.06974981 1.07872665
1.08713746 1.09411609
1.10087446 0.84836604
0.998486501 1.00042928
1.00401222 1.00917835
1.01581371 1.02375147
1.03277793 1.04264018
1.05305525 1.06372028
1.07432339 1.08455494
1.09411868 1.10203165
1.10965673 0.855760268
0.998887897 1.00082741
1.00450073 1.00984763
1.01674765 1.02502443
1.03445206 1.0447632
1.05565874 1.0668185
1.0779128 1.08861434
1.09860993 1.10687364
1.11482111 0.859966536
1.00387596 1.00581797
1.00942215 1.01463075
1.02132829 1.0293457
1.03846641 1.04843413
1.05896209 1.06974335
1.08046187 1.09080385
1.10046905 1.10846552
1.11616322 0.860802832
1.01326115 1.0152112
1.0185933 1.02335771
1.02940495 1.03658934
1.04472429 1.053589
1.06293638 1.07250201
1.08201358 1.09120073
1.0998048 1.10694202
1.1138392 0.858408404
1.02643477 1.0283976
1.03142587 1.03548256
1.04049366 1.04635078
1.05291511 1.06002237
1.06748874 1.07511748
1.08270599 1.09005315
1.0969665 1.102736
1.10835219 0.853230495
1.04242692 1.04440609
1.04698249 1.05013539
1.05382329 1.05798544
1.06254402 1.06740695
1.07247117 1.07762641
1.08275911 1.08775651
1.09251073 1.09653626
1.10050697 0.845981721
1.05999904 1.06199652
1.06406611 1.06620531
1.0684091 1.07067015
1.07297906 1.07532472
1.07769468 1.08007563
1.08245386 1.08481575
1.08714829 1.08922099
1.09133527 0.837572101
1.0777619 1.07977795
1.08133409 1.08244632
1.08314657 1.08348163
1.08351143 1.08330687
1.0829473 1.08251764
1.08210534 1.08179723
1.08167637 1.0817737
1.08199774 0.829022327
1.09430814 1.09634122
1.09742623 1.09759612
1.09691674 1.09548454
1.09342304 1.09087843
1.08801427 1.08500563
1.08203278 1.0792747
1.07690263 1.07518967
1.07367254 0.821366464
1.10834635 1.1103933
1.11109442 1.11049643
1.10869286 1.1058206
1.102055 1.09760359
1.09269855 1.08758842
1.08252909 1.07777464
1.07356817 1.07038148
1.06744169 0.815553323
1.11882423 1.12088058
1.12132161 1.12020344
1.11763827 1.11379043
1.10887039 1.10312721
1.09683958 1.09030578
1.08383296 1.07772606
1.07227687 1.06809249
1.06418719 0.812356078
1.12502888 1.12708926
1.12741884 1.12607773
1.12318619 1.11892026
1.11350548 1.10720871
1.10032857 1.09318465
1.08610607 1.07941959
1.07343783 1.0688262
1.06450663 0.812298507
269.315094 284.369748
0.999810265 1.00386429
1.00844878 1.0145177
1.02200765 1.03072103
1.04041623 1.05081628
1.06161885 1.07250712
1.08316118 1.09326958
1.10254046 1.11071215
1.11756251 1.12291697
1.00881705 1.01262142
1.01688331 1.02244449
1.02924938 1.03712504
1.04585999 1.05521184
1.06491598 1.07469513
1.0842693 1.09336588
1.10172947 1.10913103
1.11537614 1.12031201
1.02184118 1.02522807
1.02895162 1.03366556
1.03932732 1.04580511
1.05293775 1.06054053
1.06841179 1.07634021
1.08411241 1.09152065
1.09837029 1.10448677
1.10972193 1.11395933
1.03792686 1.04076841
1.04378919 1.04739717
1.05156671 1.05621975
1.06126078 1.06658036
1.072059 1.07757152
1.08299148 1.0881958
1.09306915 1.09750811
1.1014249 1.10475054
1.05582644 1.05804692
1.06026752 1.06261624
1.06508674 1.0676621
1.07032161 1.07304152
1.07579593 1.07855768
1.08129936 1.08399428
1.08661742 1.08914635
1.09156204 1.09384953
1.07411936 1.07570239
1.07710167 1.07815789
1.0788845 1.07932734
1.07954244 1.07959406
1.07955231 1.07949068
1.07948337 1.07960264
1.07991616 1.08048465
1.08135961 1.08258154
1.09134756 1.09233765
1.09297281 1.09282649
1.0919306 1.09038936
1.08833023 1.08589929
1.08325603 1.08056757
1.07800264 1.07572555
1.07389023 1.07263473
1.07207622 1.07230678
1.1061545 1.10665281
1.10665388 1.10550965
1.10326733 1.10007961
1.09613321 1.09164214
1.08684002 1.08197167
1.07728431 1.07301861
1.06940009 1.06663096
1.06488288 1.06429075
1.11741448 1.11756916
1.11712663 1.11528423
1.11209992 1.10776028
1.10249349 1.0965611
1.09024859 1.08385515
1.07768287 1.07202589
1.06715979 1.0633317
1.06075137 1.05958365
1.12433992 1.124332
1.12367866 1.1215044
1.11787233 1.11298515
1.10709074 1.10047324
1.09344279 1.08632443
1.07944633 1.07312803
1.06766892 1.06333746
1.06036153 1.05892023
1.12655647 1.12658261
1.12597135 1.12386317
1.12032026 1.11554212
1.10977269 1.1032916
1.09640412 1.08943011
1.08269256 1.07650595
1.07116493 1.0669337
1.06403655 1.06264973
1.12413866 1.12439241
1.12407212 1.12242167
1.11949635 1.11547341
1.11056964 1.10503351
1.09913626 1.09316212
1.0873981 1.08212363
1.07760053 1.07406358
1.07171206 1.07070259
1.11760287 1.11825619
1.11844803 1.11760332
1.11576513 1.11307159
1.10969163 1.10581889
1.10166474 1.09745067
1.09340034 1.0897315
1.0866482 1.08433338
1.08294233 1.08259712
1.1078582 1.1102122
1.11100572 1.11110355
1.11053884 1.10940542
1.10781781 1.10590693
1.10381509 1.10169067
1.09968252 1.09793443
1.0965799 1.09573752
1.095507 1.09596606
1.09599154 1.09968774
1.10128191 1.10256087
1.10358621 1.10439153
1.10501817 1.10551383
1.10593115 1.10632602
1.1067558 1.10727745
1.10794548 1.10880986
1.10991393 1.11129239
0.829658151 0.831483129
0.833390086 0.835532395
0.837888091 0.840427487
0.843114319 0.845906992
0.848760105 0.851626082
0.854456904 0.857205786
0.859828905 0.862286969
0.864546626 0.866581654
273.978532 294.240364
1.1266548 1.12871346
1.12909082 1.1278453
1.1250937 1.12100705
1.1158044 1.10974499
1.1031189 1.09623659
1.08941774 1.08297977
1.07722637 1.07279828
1.0686563 0.815605064
1.12383299 1.12588432
1.12646417 1.12562364
1.12346497 1.12013784
1.11583397 1.11078025
1.10523057 1.09945663
1.09373825 1.08835321
1.08356731 1.07991607
1.0765267 0.822179518
1.11711845 1.11915757
1.12007529 1.11991055
1.11874126 1.1166815
1.11387738 1.11050181
1.10674826 1.10282382
1.0989417 1.09531363
1.09214216 1.08978745
1.0876527 0.831614076
1.1074373 1.10946048
1.11081924 1.11153666
1.11165889 1.11125354
1.11040715 1.10922219
1.10781328 1.10630312
1.10481805 1.10348348
1.10241945 1.10175822
1.10125767 0.843228311
1.09599847 1.0980035
1.09986443 1.10158628
1.10317905 1.10465741
1.10604011 1.1073494
1.10861011 1.10984887
1.11109307 1.1123699
1.11370541 1.11497431
1.11632779 0.856133967
1.08417845 1.08616485
1.08854122 1.09129401
1.09439614 1.09780794
1.10147859 1.10534796
1.10934878 1.11340902
1.11745455 1.12141173
1.12521012 1.12846282
1.13170972 0.869319703
1.07339009 1.07535914
1.07821507 1.08192705
1.08643346 1.09164411
1.09744343 1.10369468
1.11024486 1.11693018
1.12358203 1.13003297
1.13612281 1.14122428
1.14622189 0.881747461
1.06494785 1.06690252
1.0701564 1.07466436
1.08033612 1.08703954
1.09460533 1.10283318
1.11149892 1.12036267
1.12917736 1.13769774
1.14568912 1.15232756
1.15876829 0.892451438
1.05994257 1.06188718
1.06541948 1.07048432
1.07697139 1.08471918
1.09352084 1.10313157
1.11327743 1.12366524
1.13399312 1.14396133
1.15328309 1.16099867
1.16844273 0.900630167
1.05913741 1.06107724
1.06474188 1.07007142
1.07694603 1.08519025
1.09457936 1.10484741
1.11569681 1.12680906
1.13785621 1.14851262
1.15846674 1.1666952
1.1746135 0.905722932
1.06289513 1.06483591
1.0684742 1.07375103
1.08054847 1.08869384
1.09796597 1.10810312
1.11881243 1.12978042
1.14068434 1.15120371
1.16103191 1.16915889
1.17698093 0.907463203
1.07114349 1.07309087
1.07654662 1.08145835
1.08772126 1.09518193
1.10364381 1.11287433
1.12261325 1.13258205
1.14249391 1.15206406
1.16102005 1.16844099
1.17560451 0.905904041
1.08338215 1.08534114
1.08847558 1.09274463
1.09806662 1.104322
1.11135759 1.11899218
1.12702295 1.13523286
1.14339839 1.15129764
1.1587183 1.16489721
1.17089798 0.901413078
1.0971681 1.09914074
1.10188498 1.10537522
1.10955988 1.11436288
1.11968587 1.12541133
1.1314065 1.13752802
1.14362713 1.14955521
1.15516936 1.15990874
1.16375475 0.894637646
1.11296956 1.11495818
1.11725866 1.1198591
1.12273595 1.12585522
1.1291742 1.13264341
1.13620865 1.13981314
1.14339947 1.14691157
1.15029652 1.15346905
1.15602202 0.886429762
0.868373934 0.869914069
0.871201736 0.872245715
0.873063534 0.873680882
0.87413066 0.874451784
0.874687816 0.874885375
0.875092463 0.875356748
0.875723831 0.876235587
0.87691203 0.644929938
277.104585 301.822909
0.999430597 1.00682698
1.00855811 1.01012501
1.01154138 1.01282817
1.01401097 1.01511911
1.01618463 1.01724108
1.01832235 1.01946143
1.02068923 1.02203345
1.02351764 1.02516026
1.01770778 1.01993832
1.02109862 1.02178171
1.02200986 1.0218432
1.02135969 1.02064872
1.01980785 1.01893932
1.01814638 1.01752953
1.01718296 1.01719111
1.01762568 1.01854299
1.03429855 1.03530884
1.03570895 1.03530119
1.03406151 1.03209986
1.02955883 1.02660187
1.02340738 1.02016231
1.01705544 1.01427059
1.01197996 1.01033797
1.00947572 1.0094962
1.04818584 1.04863291
1.04842771 1.04710957
1.04464479 1.04118503
1.03692679 1.03209533
1.02693651 1.02170799
1.01666994 1.01207567
1.00816251 1.0051433
1.00319867 1.0024706
1.05830013 1.05840076
1.05779899 1.05588418
1.05261645 1.0481748
1.04279108 1.03673104
1.03028477 1.02375627
1.01745249 1.0116723
1.00669572 1.00277384
1.00011981 0.99890112
1.06396294 1.06393565
1.06318549 1.06104719
1.0574787 1.05266926
1.04686396 1.04034373
1.03341522 1.02639978
1.0196219 1.0133975
1.00802258 1.00376259
1.00084284 0.999440379
1.06492011 1.06499589
1.06435969 1.06239239
1.05905399 1.05452593
1.04904315 1.04287499
1.03631542 1.02967251
1.02325734 1.01737278
1.01230261 1.0083013
1.00558483 1.00432297
1.0613661 1.06176639
1.06149564 1.06007752
1.05747815 1.0538538
1.04940691 1.04436951
1.03899488 1.03354846
1.02829825 1.02350519
1.01941378 1.01624326
1.01417972 1.01336941
1.05392537 1.05484099
1.05515238 1.05460928
1.0531874 1.05100296
1.04820655 1.0449708
1.04148417 1.03794412
1.03455005 1.03149609
1.02896416 1.02711735
1.02609412 1.02600329
1.04359294 1.04516589
1.04622063 1.04679497
1.04687681 1.04653117
1.0458425 1.04490755
1.04383197 1.04272644
1.04170274 1.04086969
1.04032927 1.04017291
1.04047821 1.04130617
1.03163948 1.03394941
1.03583788 1.03766555
1.03943396 1.04115075
1.04282613 1.04447178
1.04610045 1.0477255
1.04936043 1.05101838
1.05271166 1.05445131
1.0562467 1.05810519
1.01949025 1.02254682
1.02527994 1.02837734
1.0318544 1.03566063
1.03973101 1.04399103
1.04835935 1.05275073
1.0570791 1.06126065
1.06521687 1.06887735
1.07218234 1.07508485
1.00858917 1.01233115
1.01583933 1.02010182
1.02514673 1.03087019
1.0371382 1.04379714
1.05067933 1.05760906
1.06440889 1.07090607
1.07693874 1.08236176
1.08705193 1.09091242
1.00026119 1.00456226
1.00870205 1.01391392
1.02023639 1.02752212
1.03558088 1.04419459
1.05312522 1.06212333
1.07093704 1.07932112
1.08704579 1.09390502
1.09972392 1.10436503
0.995585994 1.00026675
1.0048345 1.01068954
1.0178775 1.0262216
1.0354935 1.04543148
1.05574983 1.06614917
1.0763272 1.08598956
1.09486049 1.10269269
1.10927624 1.11444618
0.995295018 1.00014012
1.0048914 1.01102208
1.01858094 1.0273786
1.0371704 1.04767589
1.05858896 1.0695888
1.0803515 1.09056168
1.09992384 1.108173
1.11508424 1.12048081
265.812846 276.167245
1.0269741 1.0289658
1.03113557 1.03347723
1.03597841 1.038621
1.0413818 1.04423335
1.04714493 1.05008366
1.05301569 1.05590737
1.05872656 1.0613973
1.06147391 0.711262245
1.019982 1.02196291
1.02448639 1.02753359
1.03106683 1.03503091
1.03935513 1.04395584
1.04873943 1.0536057
1.05845149 1.06317438
1.06763051 1.07116569
1.07479414 0.723095003
1.01047068 1.01243606
1.01539359 1.0193088
1.02411276 1.02970456
1.03595491 1.04271084
1.04980118 1.05704272
1.06424681 1.07122614
1.0777368 1.08279065
1.08872547 0.733643678
1.00305728 1.00500958
1.00832921 1.01296868
1.01883299 1.02578306
1.03364072 1.04219515
1.05121045 1.06043412
1.06960618 1.07846849
1.08669463 1.09304361
1.10053367 0.742478532
0.99923363 1.00117735
1.00473431 1.00984846
1.01640773 1.02424802
1.03315913 1.04289232
1.05316925 1.06369204
1.07415392 1.08425035
1.09360109 1.10080077
1.1092862 0.748949055
0.999677684 1.00161819
1.00526404 1.010556
1.01737558 1.02554932
1.03485502 1.04502974
1.05577925 1.06678864
1.07773366 1.08829236
1.09806443 1.10558339
1.11443899 0.752630037
1.00463311 1.00657607
1.01015392 1.01530985
1.02193028 1.02984891
1.03885273 1.04868965
1.05907762 1.06971473
1.08029013 1.09049517
1.09994504 1.10722062
1.11578901 0.753362211
1.01391349 1.01586435
1.01922376 1.0239428
1.0299236 1.03702289
1.04505713 1.05380915
1.06303592 1.07247735
1.08186561 1.09093479
1.09934969 1.10584285
1.11349126 0.751267424
1.0269201 1.02888354
1.03189493 1.03591786
1.04087953 1.04667334
1.05316274 1.06018616
1.0675628 1.07509913
1.08259591 1.08985529
1.09662133 1.10186902
1.1080455 0.746737022
1.04269898 1.04467849
1.04724543 1.0503794
1.05403959 1.05816625
1.06268283 1.06749876
1.07251268 1.07761613
1.0826974 1.0876456
1.09230631 1.09596583
1.10025161 0.740394563
1.06003188 1.06202941
1.06409786 1.06623477
1.06843521 1.07069198
1.07299582 1.0753358
1.07769969 1.08007439
1.08244641 1.08480236
1.08710212 1.08898333
1.09113574 0.733036338
1.07755241 1.07956819
1.08113162 1.08225842
1.08298001 1.0833424
1.08340454 1.08323617
1.08291533 1.08252556
1.08215286 1.08188263
1.08179091 1.08187341
1.08185304 0.725555478
1.09387628 1.09590881
1.09700885 1.09720878
1.09657338 1.09519752
1.0932027 1.09073269
1.08794837 1.08502195
1.08213073 1.07945076
1.07716493 1.07559923
1.07357674 0.718856815
1.10773329 1.10977947
1.11050191 1.10994657
1.10820544 1.10541315
1.10174221 1.0973967
1.09260501 1.08761159
1.08266814 1.07802457
1.07395104 1.07104376
1.06738482 0.713770579
1.11808841 1.12014384
1.12061047 1.11954347
1.11705325 1.11330141
1.10849496 1.10287889
1.0967273 1.09033359
1.08399985 1.07802604
1.0727415 1.06892612
1.06415623 0.710973311
1.12424046 1.12629985
1.12665685 1.12537059
1.12255934 1.11839628
1.11310321 1.10694264
1.10020826 1.09321445
1.0862849 1.07974101
1.07393754 1.06973329
1.06448658 0.710923325
267.633326 281.719343
0.999701718 1.0044804
1.00915332 1.01516582
1.02256565 1.03116883
1.04073771 1.05099987
1.06165794 1.0724003
1.0829123 1.09288759
1.10203912 1.1101095
1.11688024 1.12217964
1.00867169 1.0131598
1.01749995 1.02301174
1.02973775 1.03751696
1.04614135 1.05537252
1.06495019 1.07460164
1.08405147 1.09303157
1.10129069 1.10860358
1.114779 1.11966669
1.02163545 1.02563687
1.02942158 1.03409786
1.03969951 1.04610379
1.05315218 1.06066298
1.06843786 1.07626896
1.08394641 1.09126588
1.0980359 1.1040848
1.10926685 1.11346753
1.03764279 1.04100809
1.04406768 1.0476533
1.05178723 1.05639671
1.06138782 1.06665291
1.07207445 1.07752931
1.08289313 1.08804485
1.09287103 1.09726995
1.10115528 1.10445915
1.05545336 1.05809406
1.06032801 1.06267178
1.06513456 1.06770048
1.07034916 1.07305725
1.07579928 1.07854853
1.08127803 1.08396154
1.08657445 1.0890947
1.09150357 1.09378634
1.07365489 1.07555189
1.07693841 1.07800756
1.07875507 1.07922347
1.07946787 1.07955147
1.07954324 1.07951546
1.0795411 1.07969124
1.08003245 1.08062443
1.08151786 1.08275257
1.0907979 1.09200327
1.09260137 1.09248462
1.09163626 1.09015316
1.08816065 1.08580245
1.08323542 1.08062391
1.07813392 1.07592704
1.07415468 1.07295262
1.07243611 1.07269571
1.10553382 1.10616581
1.10610968 1.10500882
1.10283614 1.09973358
1.09588479 1.09150027
1.08680981 1.08205422
1.07747663 1.07331378
1.06978749 1.06709666
1.0654101 1.06486052
1.11674357 1.11697532
1.11646156 1.11467219
1.11157298 1.10733741
1.10218991 1.09638773
1.09021168 1.08395602
1.0779179 1.07238661
1.06763322 1.0639008
1.06139565 1.06027994
1.12364424 1.1236873
1.12295613 1.1208395
1.11729988 1.11252576
1.10676094 1.1002849
1.09340269 1.08643401
1.07970165 1.0735199
1.06818324 1.06395571
1.06106147 1.05967666
1.12586367 1.12594783
1.12526024 1.1232088
1.11975688 1.11509
1.10944811 1.10310625
1.09636466 1.08953796
1.08294384 1.07689162
1.0716711 1.06754216
1.0647254 1.06339418
1.12347598 1.1238274
1.12344024 1.12184021
1.11899573 1.11507167
1.11028123 1.1048688
1.09910119 1.09325795
1.08762138 1.08246632
1.07805031 1.07460425
1.07232416 1.0713641
1.11699446 1.11796003
1.11809119 1.11726896
1.11547132 1.11282774
1.10950556 1.10569655
1.10160998 1.09746507
1.09348302 1.08987908
1.08685476 1.08459064
1.08323986 1.0829227
1.10746951 1.11085293
1.11169139 1.11169327
1.11100556 1.10972222
1.10796341 1.10586639
1.10358028 1.10126049
1.0990628 1.09713768
1.09562481 1.0946483
1.09431252 1.09469885
1.09542886 1.0996542
1.10126532 1.10252803
1.10353017 1.10430635
1.10489846 1.10535504
1.1057298 1.10607998
1.10646456 1.1069423
1.10756962 1.10839843
1.10947383 1.110832
0.725848028 0.72771729
0.729385823 0.731259836
0.733320279 0.735541211
0.737890948 0.740333148
0.742828142 0.745334364
0.747809865 0.750213769
0.752507796 0.754657621
0.75663411 0.758414356
272.270195 291.511987
1.12588894 1.12794663
1.12835063 1.12715839
1.12448479 1.12049805
1.11541363 1.10948653
1.10300204 1.09626553
1.08959146 1.083292
1.07771108 1.07367387
1.06863132 0.713817021
1.12316269 1.12521319
1.12581634 1.12502244
1.12293204 1.11969235
1.11549197 1.11055404
1.10512829 1.09948197
1.09389029 1.08862647
1.08398838 1.08065825
1.07648129 0.7195702
1.11660763 1.1186461
1.11958158 1.11945238
1.11833512 1.116342
1.11361674 1.11032941
1.10667031 1.10284312
1.09905757 1.09552188
1.09245706 1.09030715
1.08757281 0.727826035
1.10713464 1.10915744
1.11052673 1.1112652
1.11141826 1.11105239
1.11025273 1.10912005
1.1077671 1.10631456
1.10488669 1.10360687
1.10259588 1.10198776
1.10113182 0.737989143
1.09593283 1.09793778
1.099801 1.10152741
1.10312687 1.10461378
1.10600662 1.10732725
1.1086001 1.10985135
1.11110795 1.11239666
1.11372443 1.11487377
1.11614809 0.749282283
1.0843561 1.08634271
1.0887129 1.09145334
1.09453738 1.097926
1.10156922 1.10540791
1.10937588 1.11340231
1.11741425 1.12133931
1.12506791 1.12802375
1.1314729 0.760820506
1.07379407 1.07576364
1.07860551 1.08228939
1.08675466 1.0919126
1.09764956 1.10383102
1.1103065 1.11691491
1.1234904 1.12986827
1.13583097 1.14047041
1.14593009 0.771695486
1.06553967 1.06749508
1.07072838 1.07519517
1.08080665 1.08743286
1.09490729 1.1030329
1.11158923 1.1203403
1.12904312 1.13745647
1.14527346 1.1513125
1.15842939 0.781062119
1.0606658 1.06261132
1.06611846 1.07113299
1.0775464 1.08519984
1.09388985 1.10337564
1.11338778 1.1236379
1.13382908 1.14366649
1.15278103 1.15980084
1.16806998 0.7882191
1.0599231 1.06186392
1.06550123 1.07077612
1.0775707 1.08571243
1.09498024 1.10511256
1.11581669 1.12677937
1.137678 1.14819231
1.15792372 1.16541046
1.17422417 0.792675788
1.06366838 1.06561013
1.06922153 1.07444457
1.08116325 1.08920775
1.0983605 1.10836408
1.11893041 1.1297512
1.14050895 1.15088847
1.16049713 1.16789142
1.17659428 0.794198962
1.07183059 1.07377883
1.07721068 1.08207462
1.08826755 1.09563858
1.10399438 1.11310621
1.1227181 1.13255608
1.14233806 1.15178395
1.16054193 1.1672933
1.17523933 0.792835053
1.08372231 1.08568174
1.08880246 1.09304428
1.09832678 1.10453213
1.11150928 1.11907936
1.12704208 1.13518286
1.14328064 1.15111582
1.15840718 1.16405484
1.17057343 0.788905746
1.09586322 1.09783456
1.10061392 1.10417447
1.1084622 1.11339743
1.11887724 1.12477863
1.13096271 1.13727945
1.14357315 1.14968816
1.15542109 1.15990243
1.16357638 0.78297844
1.11249836 1.11448622
1.11679601 1.11941529
1.12231946 1.12547308
1.1288317 1.13234393
1.13595367 1.13960233
1.1432309 1.14678194
1.15020084 1.15337053
1.15577827 0.775720105
0.759982536 0.761330438
0.762457783 0.763372238
0.764089115 0.764630853
0.765026191 0.765309125
0.765517711 0.765692675
0.765875955 0.766109197
0.766432242 0.766881572
0.76739462 0.483799945
273.65846 296.242626
