0.999430597 1.00682698
1.00855811 1.01012501
1.01154138 1.01282817
1.01401097 1.01511911
1.01618463 1.01724108
1.01832235 1.01946143
1.02068923 1.02203345
1.02351764 1.02516026
1.0269741 1.0289658
1.03113557 1.03347723
1.03597841 1.038621
1.0413818 1.04423335
1.04714493 1.05008366
1.05301569 1.05590737
1.05872656 1.0613973
1.06147391 0.711262245
1.01770778 1.01993832
1.02109862 1.02178171
1.02200986 1.0218432
1.02135969 1.02064872
1.01980785 1.01893932
1.01814638 1.01752953
1.01718296 1.01719111
1.01762568 1.01854299
1.019982 1.02196291
1.02448639 1.02753359
1.03106683 1.03503091
1.03935513 1.04395584
1.04873943 1.0536057
1.05845149 1.06317438
1.06763051 1.07116569
1.07479414 0.723095003
1.03429855 1.03530884
1.03570895 1.03530119
1.03406151 1.03209986
1.02955883 1.02660187
1.02340738 1.02016231
1.01705544 1.01427059
1.01197996 1.01033797
1.00947572 1.0094962
1.01047068 1.01243606
1.01539359 1.0193088
1.02411276 1.02970456
1.03595491 1.04271084
1.04980118 1.05704272
1.06424681 1.07122614
1.0777368 1.08279065
1.08872547 0.733643678
1.04818584 1.04863291
1.04842771 1.04710957
1.04464479 1.04118503
1.03692679 1.03209533
1.02693651 1.02170799
1.01666994 1.01207567
1.00816251 1.0051433
1.00319867 1.0024706
1.00305728 1.00500958
1.00832921 1.01296868
1.01883299 1.02578306
1.03364072 1.04219515
1.05121045 1.06043412
1.06960618 1.07846849
1.08669463 1.09304361
1.10053367 0.742478532
1.05830013 1.05840076
1.05779899 1.05588418
1.05261645 1.0481748
1.04279108 1.03673104
1.03028477 1.02375627
1.01745249 1.0116723
1.00669572 1.00277384
1.00011981 0.99890112
0.99923363 1.00117735
1.00473431 1.00984846
1.01640773 1.02424802
1.03315913 1.04289232
1.05316925 1.06369204
1.07415392 1.08425035
1.09360109 1.10080077
1.1092862 0.748949055
1.06396294 1.06393565
1.06318549 1.06104719
1.0574787 1.05266926
1.04686396 1.04034373
1.03341522 1.02639978
1.0196219 1.0133975
1.00802258 1.00376259
1.00084284 0.999440379
0.999677684 1.00161819
1.00526404 1.010556
1.01737558 1.02554932
1.03485502 1.04502974
1.05577925 1.06678864
1.07773366 1.08829236
1.09806443 1.10558339
1.11443899 0.752630037
1.06492011 1.06499589
1.06435969 1.06239239
1.05905399 1.05452593
1.04904315 1.04287499
1.03631542 1.02967251
1.02325734 1.01737278
1.01230261 1.0083013
1.00558483 1.00432297
1.00463311 1.00657607
1.01015392 1.01530985
1.02193028 1.02984891
1.03885273 1.04868965
1.05907762 1.06971473
1.08029013 1.09049517
1.09994504 1.10722062
1.11578901 0.753362211
1.0613661 1.06176639
1.06149564 1.06007752
1.05747815 1.0538538
1.04940691 1.04436951
1.03899488 1.03354846
1.02829825 1.02350519
1.01941378 1.01624326
1.01417972 1.01336941
1.01391349 1.01586435
1.01922376 1.0239428
1.0299236 1.03702289
1.04505713 1.05380915
1.06303592 1.07247735
1.08186561 1.09093479
1.09934969 1.10584285
1.11349126 0.751267424
1.05392537 1.05484099
1.05515238 1.05460928
1.0531874 1.05100296
1.04820655 1.0449708
1.04148417 1.03794412
1.03455005 1.03149609
1.02896416 1.02711735
1.02609412 1.02600329
1.0269201 1.02888354
1.03189493 1.03591786
1.04087953 1.04667334
1.05316274 1.06018616
1.0675628 1.07509913
1.08259591 1.08985529
1.09662133 1.10186902
1.1080455 0.746737022
1.04359294 1.04516589
1.04622063 1.04679497
1.04687681 1.04653117
1.0458425 1.04490755
1.04383197 1.04272644
1.04170274 1.04086969
1.04032927 1.04017291
1.04047821 1.04130617
1.04269898 1.04467849
1.04724543 1.0503794
1.05403959 1.05816625
1.06268283 1.06749876
1.07251268 1.07761613
1.0826974 1.0876456
1.09230631 1.09596583
1.10025161 0.740394563
1.03163948 1.03394941
1.03583788 1.03766555
1.03943396 1.04115075
1.04282613 1.04447178
1.04610045 1.0477255
1.04936043 1.05101838
1.05271166 1.05445131
1.0562467 1.05810519
1.06003188 1.06202941
1.06409786 1.06623477
1.06843521 1.07069198
1.07299582 1.0753358
1.07769969 1.08007439
1.08244641 1.08480236
1.08710212 1.08898333
1.09113574 0.733036338
1.01949025 1.02254682
1.02527994 1.02837734
1.0318544 1.03566063
1.03973101 1.04399103
1.04835935 1.05275073
1.0570791 1.06126065
1.06521687 1.06887735
1.07218234 1.07508485
1.07755241 1.07956819
1.08113162 1.08225842
1.08298001 1.0833424
1.08340454 1.08323617
1.08291533 1.08252556
1.08215286 1.08188263
1.08179091 1.08187341
1.08185304 0.725555478
1.00858917 1.01233115
1.01583933 1.02010182
1.02514673 1.03087019
1.0371382 1.04379714
1.05067933 1.05760906
1.06440889 1.07090607
1.07693874 1.08236176
1.08705193 1.09091242
1.09387628 1.09590881
1.09700885 1.09720878
1.09657338 1.09519752
1.0932027 1.09073269
1.08794837 1.08502195
1.08213073 1.07945076
1.07716493 1.07559923
1.07357674 0.718856815
1.00026119 1.00456226
1.00870205 1.01391392
1.02023639 1.02752212
1.03558088 1.04419459
1.05312522 1.06212333
1.07093704 1.07932112
1.08704579 1.09390502
1.09972392 1.10436503
1.10773329 1.10977947
1.11050191 1.10994657
1.10820544 1.10541315
1.10174221 1.0973967
1.09260501 1.08761159
1.08266814 1.07802457
1.07395104 1.07104376
1.06738482 0.713770579
0.995585994 1.00026675
1.0048345 1.01068954
1.0178775 1.0262216
1.0354935 1.04543148
1.05574983 1.06614917
1.0763272 1.08598956
1.09486049 1.10269269
1.10927624 1.11444618
1.11808841 1.12014384
1.12061047 1.11954347
1.11705325 1.11330141
1.10849496 1.10287889
1.0967273 1.09033359
1.08399985 1.07802604
1.0727415 1.06892612
1.06415623 0.710973311
0.995295018 1.00014012
1.0048914 1.01102208
1.01858094 1.0273786
1.0371704 1.04767589
1.05858896 1.0695888
1.0803515 1.09056168
1.09992384 1.108173
1.11508424 1.12048081
1.12424046 1.12629985
1.12665685 1.12537059
1.12255934 1.11839628
1.11310321 1.10694264
1.10020826 1.09321445
1.0862849 1.07974101
1.07393754 1.06973329
1.06448658 0.710923325
0.999701718 1.0044804
1.00915332 1.01516582
1.02256565 1.03116883
1.04073771 1.05099987
1.06165794 1.0724003
1.0829123 1.09288759
1.10203912 1.1101095
1.11688024 1.12217964
1.12588894 1.12794663
1.12835063 1.12715839
1.12448479 1.12049805
1.11541363 1.10948653
1.10300204 1.09626553
1.08959146 1.083292
1.07771108 1.07367387
1.06863132 0.713817021
1.00867169 1.0131598
1.01749995 1.02301174
1.02973775 1.03751696
1.04614135 1.05537252
1.06495019 1.07460164
1.08405147 1.09303157
1.10129069 1.10860358
1.114779 1.11966669
1.12316269 1.12521319
1.12581634 1.12502244
1.12293204 1.11969235
1.11549197 1.11055404
1.10512829 1.09948197
1.09389029 1.08862647
1.08398838 1.08065825
1.07648129 0.7195702
1.02163545 1.02563687
1.02942158 1.03409786
1.03969951 1.04610379
1.05315218 1.06066298
1.06843786 1.07626896
1.08394641 1.09126588
1.0980359 1.1040848
1.10926685 1.11346753
1.11660763 1.1186461
1.11958158 1.11945238
1.11833512 1.116342
1.11361674 1.11032941
1.10667031 1.10284312
1.09905757 1.09552188
1.09245706 1.09030715
1.08757281 0.727826035
1.03764279 1.04100809
1.04406768 1.0476533
1.05178723 1.05639671
1.06138782 1.06665291
1.07207445 1.07752931
1.08289313 1.08804485
1.09287103 1.09726995
1.10115528 1.10445915
1.10713464 1.10915744
1.11052673 1.1112652
1.11141826 1.11105239
1.11025273 1.10912005
1.1077671 1.10631456
1.10488669 1.10360687
1.10259588 1.10198776
1.10113182 0.737989143
1.05545336 1.05809406
1.06032801 1.06267178
1.06513456 1.06770048
1.07034916 1.07305725
1.07579928 1.07854853
1.08127803 1.08396154
1.08657445 1.0890947
1.09150357 1.09378634
1.09593283 1.09793778
1.099801 1.10152741
1.10312687 1.10461378
1.10600662 1.10732725
1.1086001 1.10985135
1.11110795 1.11239666
1.11372443 1.11487377
1.11614809 0.749282283
1.07365489 1.07555189
1.07693841 1.07800756
1.07875507 1.07922347
1.07946787 1.07955147
1.07954324 1.07951546
1.0795411 1.07969124
1.08003245 1.08062443
1.08151786 1.08275257
1.0843561 1.08634271
1.0887129 1.09145334
1.09453738 1.097926
1.10156922 1.10540791
1.10937588 1.11340231
1.11741425 1.12133931
1.12506791 1.12802375
1.1314729 0.760820506
1.0907979 1.09200327
1.09260137 1.09248462
1.09163626 1.09015316
1.08816065 1.08580245
1.08323542 1.08062391
1.07813392 1.07592704
1.07415468 1.07295262
1.07243611 1.07269571
1.07379407 1.07576364
1.07860551 1.08228939
1.08675466 1.0919126
1.09764956 1.10383102
1.1103065 1.11691491
1.1234904 1.12986827
1.13583097 1.14047041
1.14593009 0.771695486
1.10553382 1.10616581
1.10610968 1.10500882
1.10283614 1.09973358
1.09588479 1.09150027
1.08680981 1.08205422
1.07747663 1.07331378
1.06978749 1.06709666
1.0654101 1.06486052
1.06553967 1.06749508
1.07072838 1.07519517
1.08080665 1.08743286
1.09490729 1.1030329
1.11158923 1.1203403
1.12904312 1.13745647
1.14527346 1.1513125
1.15842939 0.781062119
1.11674357 1.11697532
1.11646156 1.11467219
1.11157298 1.10733741
1.10218991 1.09638773
1.09021168 1.08395602
1.0779179 1.07238661
1.06763322 1.0639008
1.06139565 1.06027994
1.0606658 1.06261132
1.06611846 1.07113299
1.0775464 1.08519984
1.09388985 1.10337564
1.11338778 1.1236379
1.13382908 1.14366649
1.15278103 1.15980084
1.16806998 0.7882191
1.12364424 1.1236873
1.12295613 1.1208395
1.11729988 1.11252576
1.10676094 1.1002849
1.09340269 1.08643401
1.07970165 1.0735199
1.06818324 1.06395571
1.06106147 1.05967666
1.0599231 1.06186392
1.06550123 1.07077612
1.0775707 1.08571243
1.09498024 1.10511256
1.11581669 1.12677937
1.137678 1.14819231
1.15792372 1.16541046
1.17422417 0.792675788
1.12586367 1.12594783
1.12526024 1.1232088
1.11975688 1.11509
1.10944811 1.10310625
1.09636466 1.08953796
1.08294384 1.07689162
1.0716711 1.06754216
1.0647254 1.06339418
1.06366838 1.06561013
1.06922153 1.07444457
1.08116325 1.08920775
1.0983605 1.10836408
1.11893041 1.1297512
1.14050895 1.15088847
1.16049713 1.16789142
1.17659428 0.794198962
1.12347598 1.1238274
1.12344024 1.12184021
1.11899573 1.11507167
1.11028123 1.1048688
1.09910119 1.09325795
1.08762138 1.08246632
1.07805031 1.07460425
1.07232416 1.0713641
1.07183059 1.07377883
1.07721068 1.08207462
1.08826755 1.09563858
1.10399438 1.11310621
1.1227181 1.13255608
1.14233806 1.15178395
1.16054193 1.1672933
1.17523933 0.792835053
1.11699446 1.11796003
1.11809119 1.11726896
1.11547132 1.11282774
1.10950556 1.10569655
1.10160998 1.09746507
1.09348302 1.08987908
1.08685476 1.08459064
1.08323986 1.0829227
1.08372231 1.08568174
1.08880246 1.09304428
1.09832678 1.10453213
1.11150928 1.11907936
1.12704208 1.13518286
1.14328064 1.15111582
1.15840718 1.16405484
1.17057343 0.788905746
1.10746951 1.11085293
1.11169139 1.11169327
1.11100556 1.10972222
1.10796341 1.10586639
1.10358028 1.10126049
1.0990628 1.09713768
1.09562481 1.0946483
1.09431252 1.09469885
1.09586322 1.09783456
1.10061392 1.10417447
1.1084622 1.11339743
1.11887724 1.12477863
1.13096271 1.13727945
1.14357315 1.14968816
1.15542109 1.15990243
1.16357638 0.78297844
1.09542886 1.0996542
1.10126532 1.10252803
1.10353017 1.10430635
1.10489846 1.10535504
1.1057298 1.10607998
1.10646456 1.1069423
1.10756962 1.10839843
1.10947383 1.110832
1.11249836 1.11448622
1.11679601 1.11941529
1.12231946 1.12547308
1.1288317 1.13234393
1.13595367 1.13960233
1.1432309 1.14678194
1.15020084 1.15337053
1.15577827 0.775720105
0.725848028 0.72771729
0.729385823 0.731259836
0.733320279 0.735541211
0.737890948 0.740333148
0.742828142 0.745334364
0.747809865 0.750213769
0.752507796 0.754657621
0.75663411 0.758414356
0.759982536 0.761330438
0.762457783 0.763372238
0.764089115 0.764630853
0.765026191 0.765309125
0.765517711 0.765692675
0.765875955 0.766109197
0.766432242 0.766881572
0.76739462 0.483799945
