0 0
0 0
0 0
0 0
0 0
0 0
0 0
0 0
0 0
0 0
0 0
0 0
0 0
0 0
0 0
0 0
0 0
0 0
0 0
0 0
0 0
0 0
0 0
0 0
0 0
0 0
0 0
0 0
0 0
0 0
0 0
0 0
0 0
0 0
0 0
0 0
0 0
0 0
0 0
0 0
0 0
0 0
0 0
0 0
0 0
0 0
0 0
0 0
0 0
0 0
0 0
0 0
0 0
0 0
0 0
0 0
0 0
0 0
0 0
0 0
0 0
0 0
0 0
0 0
0 0
0 0
0 0
0 0
0 0
0 0
0 0
0 0
0 0
0 0
0 0
0 0
0 0
0 0
0 0
0 0
0 0
0 0
0 0
0 0
0 0
0 0
0 0
0 0
0 0
0 0
0 0
0 0
0 0
0 0
0 0
0 0
0 0
0 0
0 0
0 0
0 0
0 0
0 0
0 0
0 0
0 0
0 0
0 0
0 0
0 0
0 0
0 0
0 0
0 0
0 0
0 0
0 0
0 0
0 0
0 0
0 0
0 0
0 0
0 0
0 0
0 0
0 0
0 0
0.999650799 1.00355018
1.00544729 1.0072808
1.00905665 1.01078287
1.01246925 1.01412705
1.01576853 1.01740654
1.01905406 1.02072373
1.02242739 1.02417564
1.0259775 1.02784004
1.02976816 1.0317644
1.03382884 1.03595912
1.03815048 1.04039602
1.04268683 1.04501241
1.04736098 1.04971996
1.05207638 1.05441736
1.05673057 1.05900468
1.06122979 1.06339773
1.06550241 1.06754
1.06950912 1.07141081
1.07324857 1.07502819
1.07675755 1.07844635
1.08010575 1.08174795
1.08338578 1.08503223
1.08669997 1.08840091
1.09014575 1.09194364
1.09380178 1.09572524
1.09771672 1.09977648
1.10190231 1.10408964
1.10633168 1.10861968
1.11094321 1.11329059
1.11564927 1.11800628
1.12034873 1.12266424
1.12494141 1.1271702
1.12934233 1.13145155
1.13349387 1.13546773
1.13737402 1.13921605
1.14099948 1.14273204
1.14442331 1.14608437
1.14772735 1.14936507
1.1510105 1.15267637
1.15437464 1.15611612
1.15791007 1.15976384
1.16168265 1.16366938
1.16572444 1.16784581
1.17002907 1.17226757
1.1745527 1.17687413
1.17922025 1.18157856
1.18393611 1.18627998
1.18859774 1.19087791
1.19311034 1.19528663
1.19740036 1.19944741
1.20142602 1.20333692
1.20518326 1.20697052
1.20870633 1.21040013
1.2120629 1.21370673
1.21534439 1.21698887
1.21865292 1.22034858
1.22208674 1.22387679
1.22572621 1.22764039
1.22962236 1.23167272
1.2337896 1.23596875
1.23820369 1.24048589
1.24280517 1.24514895
1.24768206 140.438871
158.432534 0
1.01776416 1.01973256
1.02093234 1.02163066
1.02187438 1.02172673
1.02126498 1.02057775
1.01976175 1.01891833
1.01814984 1.0175559
1.0172299 1.01725553
1.01770387 1.01863075
1.02007481 1.02205605
1.02457514 1.0276134
1.03113347 1.03508063
1.03938481 1.04396307
1.04872262 1.05356413
1.05838534 1.0630847
1.06756507 1.07173717
1.07552282 1.07885775
1.08169393 1.08400124
1.08576864 1.08700449
1.0877363 1.08800972
1.08788687 1.08744417
1.08676954 1.08595923
1.0851144 1.08433744
1.08372829 1.08338086
1.08337964 1.08379665
1.08468887 1.08609617
1.08803988 1.09052203
1.09352526 1.09701347
1.10093309 1.10521504
1.10977718 1.1145273
1.11936641 1.12419234
1.12890337 1.13340193
1.13759808 1.1414128
1.14478076 1.14765273
1.14999733 1.15180215
1.15307422 1.15383973
1.15414313 1.15404547
1.15362224 1.15296067
1.15215655 1.1513108
1.15052586 1.14990194
1.14953349 1.14950576
1.14989172 1.15074947
1.15212012 1.15402631
1.15647144 1.15943947
1.16289556 1.16678731
1.17104663 1.1755922
1.18033241 1.18516863
1.18999878 1.194721
1.19923731 1.20345715
1.20730062 1.21070137
1.21360899 1.21599081
1.21783308 1.2191415
1.21994093 1.2202746
1.22020249 1.21979916
1.21915112 1.21835367
1.2175075 1.21671505
1.21607682 1.21568777
1.21563388 1.21598907
1.21681255 1.21814665
1.22001535 1.22242337
1.22535602 1.22877975
1.2326433 1.2368796
1.24140816 1.24553134
1.25087088 140.802819
159.245322 0
1.03451973 1.03606063
1.03653646 1.0360572
1.03471209 1.03262151
1.0299327 1.02681442
1.02345087 1.02003511
1.01676205 1.01382147
1.0113912 1.0096307
1.00867529 1.00863137
1.00957248 1.01153674
1.01452544 1.01850299
1.02339821 1.02910691
1.0354956 1.04240632
1.04966234 1.05707448
1.06444794 1.07158933
1.0783136 1.08445073
1.0898518 1.09439441
1.09798704 1.10057237
1.10212934 1.1026739
1.10225842 1.10096984
1.09892653 1.096274
1.09317971 1.08982702
1.08640857 1.08311937
1.08014981 1.07767873
1.07586707 1.07485201
1.07474205 1.07561316
1.07750595 1.08042428
1.08433511 1.08916966
1.0948259 1.10117225
1.10805227 1.11529032
1.12269789 1.13008034
1.13724395 1.14400287
1.15018582 1.15564225
1.16024777 1.16390858
1.16656492 1.16819317
1.1688067 1.16845542
1.16722395 1.1652286
1.16261316 1.15954376
1.15620285 1.15278265
1.14947825 1.14648056
1.14396945 1.1421073
1.14103309 1.14085748
1.14165877 1.14348011
1.14632792 1.15017169
1.15494506 1.16054822
1.16685147 1.17369994
1.18091913 1.18832119
1.19571168 1.2028966
1.20968934 1.2159174
1.22142859 1.22609656
1.22982527 1.2325525
1.23425209 1.23493485
1.23464817 1.23347437
1.23152768 1.22895014
1.2259065 1.22257829
1.21915729 1.2158386
1.21281365 1.21026331
1.20835133 1.20721851
1.20697763 1.20770932
1.20945923 1.21223637
1.21601277 1.22072448
1.22627392 1.23253333
1.23934941 1.24561827
1.25384203 141.113231
159.96129 0
1.04851393 1.0497136
1.04961079 1.0481903
1.04557524 1.04193172
1.03746285 1.03240145
1.02700168 1.02152987
1.01625494 1.01143872
1.00732654 1.00413839
1.002061 1.00124111
1.00178022 1.00373091
1.00709497 1.01182327
1.01781765 1.02493432
1.03298913 1.04176417
1.05101559 1.06048239
1.06989584 1.07898912
1.08750692 1.09521466
1.10190692 1.10741481
1.11161206 1.11441962
1.1158084 1.11580041
1.11446791 1.11193085
1.10835253 1.10393372
1.09890543 1.09352063
1.08804511 1.08274792
1.07789171 1.07372323
1.0704645 1.0683048
1.06739382 1.06783635
1.06968844 1.07295541
1.07759166 1.08350232
1.09054662 1.09854303
1.1072757 1.11650234
1.12596284 1.13538869
1.14451261 1.15307821
1.16084918 1.16761782
1.17321249 1.17750382
1.18040934 1.18189646
1.18198363 1.1807397
1.17828143 1.17476928
1.17040164 1.16540768
1.16003914 1.15456121
1.14924304 1.14434802
1.14012432 1.13679593
1.13455463 1.13355307
1.13389928 1.13565279
1.13882247 1.14336621
1.14919247 1.15616353
1.16410047 1.17278962
1.18199023 1.19144312
1.20088007 1.2100334
1.21864566 1.22647886
1.23332305 1.23900388
1.24338888 1.24639221
1.24797775 1.24816042
1.24700563 1.24462692
1.2411819 1.23686654
1.23190813 1.22655711
1.22107808 1.2157402
1.21080758 1.20652973
1.2031326 1.20081045
1.19971883 1.19996902
1.20162399 1.20469616
1.20914695 1.21488814
1.22178509 1.22966155
1.23830601 1.24628989
1.25681892 141.436605
160.721464 0
1.05869556 1.05897335
1.05851028 1.05650377
1.05309803 1.04848762
1.04291045 1.03663925
1.0299717 1.02321976
1.01669844 1.01071441
1.00555505 1.00147803
0.998702066 0.997399055
0.997687878 0.999630124
1.00322787 1.00842361
1.01510233 1.02309563
1.0321878 1.04212358
1.05261737 1.06336344
1.07404702 1.08435556
1.09399004 1.10267567
1.11017184 1.11628072
1.12085443 1.12380034
1.1250844 1.12473239
1.12282894 1.11951457
1.11498053 1.10946199
1.10322957 1.09657956
1.08982327 1.08327589
1.07724501 1.07201971
1.06786001 1.06498764
1.06357793 1.06375362
1.06558037 1.06906441
1.07415232 1.08073298
1.08864151 1.09766526
1.10755143 1.11801619
1.12875487 1.13945297
1.14979741 1.15948788
1.16824757 1.1758332
1.18204375 1.18672764
1.1897883 1.19118755
1.190947 1.1891473
1.18592521 1.18146868
1.17601008 1.16981787
1.16318689 1.1564278
1.14985582 1.1437795
1.13848951 1.13424822
1.13128027 1.12976446
1.12982733 1.13153861
1.13490869 1.13988824
1.14637004 1.15419278
1.16314689 1.17298207
1.18341633 1.19414611
1.20485721 1.21523611
1.22498122 1.2338138
1.24148793 1.24779939
1.25259301 1.25576823
1.25728277 1.25715408
1.25545879 1.25232989
1.24795199 1.24255463
1.23640406 1.22979362
1.22303322 1.21643816
1.21031779 1.20496438
1.20064257 1.19757992
1.19595862 1.19590902
1.19750488 1.20076074
1.20563142 1.21201358
1.21974951 1.22863276
1.2384156 1.24745927
1.25980221 141.733919
161.420578 0
1.06471682 1.06600259
1.06533641 1.06299962
1.05914829 1.05399303
1.04779136 1.04083846
1.03345657 1.02598332
1.0187597 1.01211765
1.00636821 1.00179029
0.998620642 0.997045314
0.997192985 0.999130318
1.00285956 1.00831847
1.01538256 1.02386954
1.03354594 1.04413548
1.05532899 1.06679557
1.07819451 1.08918752
1.09945092 1.10868729
1.11663618 1.12308348
1.12786911 1.1308928
1.13211773 1.13157175
1.12934651 1.12559407
1.12052148 1.11438328
1.10747236 1.10010944
1.09263149 1.08537965
1.0786869 1.07286608
1.06819868 1.06492467
1.06323385 1.06325908
1.06507139 1.06867756
1.07401976 1.08097771
1.08937293 1.09897528
1.1095111 1.1206732
1.13213179 1.14354645
1.15457831 1.16490231
1.17421884 1.18226458
1.1888219 1.1937268
1.1968747 1.19822429
1.19779897 1.19568603
1.19203349 1.18704479
1.18097146 1.17410406
1.16676176 1.15928076
1.15200232 1.14526036
1.13936952 1.13461381
1.13123635 1.12943069
1.12933379 1.13102112
1.13450393 1.13972885
1.14657979 1.15488216
1.16440912 1.17488976
1.18601885 1.1974678
1.20889653 1.21996569
1.23034884 1.23974426
1.24788578 1.25455235
1.25957601 1.26284791
1.26432229 1.26401804
1.26201811 1.25846645
1.25356286 1.24755581
1.24073348 1.2334134
1.225931 1.21862756
1.21183793 1.20587845
1.20103559 1.19755562
1.19563578 1.19541713
1.19697954 1.20033874
1.20544579 1.21218889
1.2203973 1.22984757
1.24027155 1.25136017
1.26270622 142.126188
162.328614 0
