0.000000000e+00 0.000000000e+00 
0.000000000e+00 0.000000000e+00 
0.000000000e+00 0.000000000e+00 
0.000000000e+00 0.000000000e+00 
0.000000000e+00 0.000000000e+00 
0.000000000e+00 0.000000000e+00 
0.000000000e+00 0.000000000e+00 
0.000000000e+00 0.000000000e+00 
0.000000000e+00 0.000000000e+00 
0.000000000e+00 0.000000000e+00 
0.000000000e+00 0.000000000e+00 
0.000000000e+00 0.000000000e+00 
0.000000000e+00 0.000000000e+00 
0.000000000e+00 0.000000000e+00 
0.000000000e+00 0.000000000e+00 
0.000000000e+00 0.000000000e+00 
0.000000000e+00 0.000000000e+00 
0.000000000e+00 0.000000000e+00 
0.000000000e+00 0.000000000e+00 
0.000000000e+00 0.000000000e+00 
0.000000000e+00 0.000000000e+00 
0.000000000e+00 0.000000000e+00 
0.000000000e+00 0.000000000e+00 
0.000000000e+00 0.000000000e+00 
0.000000000e+00 0.000000000e+00 
0.000000000e+00 0.000000000e+00 
0.000000000e+00 0.000000000e+00 
0.000000000e+00 0.000000000e+00 
0.000000000e+00 0.000000000e+00 
0.000000000e+00 0.000000000e+00 
0.000000000e+00 0.000000000e+00 
0.000000000e+00 0.000000000e+00 
0.000000000e+00 0.000000000e+00 
0.000000000e+00 0.000000000e+00 
0.000000000e+00 0.000000000e+00 
0.000000000e+00 0.000000000e+00 
0.000000000e+00 0.000000000e+00 
0.000000000e+00 0.000000000e+00 
0.000000000e+00 0.000000000e+00 
0.000000000e+00 0.000000000e+00 
0.000000000e+00 0.000000000e+00 
0.000000000e+00 0.000000000e+00 
0.000000000e+00 0.000000000e+00 
0.000000000e+00 0.000000000e+00 
0.000000000e+00 0.000000000e+00 
0.000000000e+00 0.000000000e+00 
0.000000000e+00 0.000000000e+00 
0.000000000e+00 0.000000000e+00 
0.000000000e+00 0.000000000e+00 
0.000000000e+00 0.000000000e+00 
0.000000000e+00 0.000000000e+00 
0.000000000e+00 0.000000000e+00 
0.000000000e+00 0.000000000e+00 
0.000000000e+00 0.000000000e+00 
0.000000000e+00 0.000000000e+00 
0.000000000e+00 0.000000000e+00 
0.000000000e+00 0.000000000e+00 
0.000000000e+00 0.000000000e+00 
0.000000000e+00 0.000000000e+00 
0.000000000e+00 0.000000000e+00 
0.000000000e+00 0.000000000e+00 
0.000000000e+00 0.000000000e+00 
0.000000000e+00 0.000000000e+00 
0.000000000e+00 0.000000000e+00 
1.250000000e-01 1.252499968e-01 
1.254999936e-01 1.257500052e-01 
1.260000020e-01 1.262499988e-01 
1.264999956e-01 1.267500073e-01 
1.270000041e-01 1.272500008e-01 
1.274999976e-01 1.277499944e-01 
1.280000061e-01 1.282500029e-01 
1.284999996e-01 1.287499964e-01 
1.289999932e-01 1.292500049e-01 
1.295000017e-01 1.297499985e-01 
1.299999952e-01 1.302500069e-01 
1.305000037e-01 1.307500005e-01 
1.309999973e-01 1.312499940e-01 
1.315000057e-01 1.317500025e-01 
1.319999993e-01 1.322499961e-01 
1.324999928e-01 1.327500045e-01 
1.330000013e-01 1.332499981e-01 
1.334999949e-01 1.337500066e-01 
1.340000033e-01 1.342500001e-01 
1.344999969e-01 1.347499937e-01 
1.350000054e-01 1.352500021e-01 
1.354999989e-01 1.357499957e-01 
1.360000074e-01 1.362500042e-01 
1.365000010e-01 1.367499977e-01 
1.369999945e-01 1.372500062e-01 
1.375000030e-01 1.377499998e-01 
1.379999965e-01 1.382499933e-01 
1.385000050e-01 1.387500018e-01 
1.389999986e-01 1.392499954e-01 
1.395000070e-01 1.397500038e-01 
1.400000006e-01 1.402499974e-01 
1.404999942e-01 1.407500058e-01 
1.410000026e-01 1.412499994e-01 
1.414999962e-01 1.417499930e-01 
1.420000046e-01 1.422500014e-01 
1.424999982e-01 1.427499950e-01 
1.430000067e-01 1.432500035e-01 
1.435000002e-01 1.437499970e-01 
1.439999938e-01 1.442500055e-01 
1.445000023e-01 1.447499990e-01 
1.449999958e-01 1.452499926e-01 
1.455000043e-01 1.457500011e-01 
1.459999979e-01 1.462499946e-01 
1.465000063e-01 1.467500031e-01 
1.469999999e-01 1.472499967e-01 
1.474999934e-01 1.477500051e-01 
1.480000019e-01 1.482499987e-01 
1.484999955e-01 1.487500072e-01 
1.490000039e-01 1.492500007e-01 
1.494999975e-01 1.497499943e-01 
1.500000060e-01 1.502500027e-01 
1.504999995e-01 1.507499963e-01 
1.509999931e-01 1.512500048e-01 
1.515000015e-01 1.517499983e-01 
1.519999951e-01 1.522500068e-01 
1.525000036e-01 1.527500004e-01 
1.529999971e-01 1.532499939e-01 
1.535000056e-01 1.537500024e-01 
1.539999992e-01 1.542499959e-01 
1.544999927e-01 1.547500044e-01 
1.550000012e-01 1.552499980e-01 
1.554999948e-01 1.557500064e-01 
1.560000032e-01 1.756250191e+01 
2.477702618e+00 0.000000000e+00 
9.996507764e-01 1.003550172e+00 
1.005447268e+00 1.007280827e+00 
1.009056687e+00 1.010782838e+00 
1.012469172e+00 1.014127135e+00 
1.015768528e+00 1.017406583e+00 
1.019054055e+00 1.020723701e+00 
1.022427440e+00 1.024175644e+00 
1.025977492e+00 1.027840018e+00 
1.029768109e+00 1.031764388e+00 
1.033828855e+00 1.035959125e+00 
1.038150430e+00 1.040396094e+00 
1.042686820e+00 1.045012355e+00 
1.047361016e+00 1.049719930e+00 
1.052076459e+00 1.054417372e+00 
1.056730509e+00 1.059004664e+00 
1.061229706e+00 1.063397765e+00 
1.065502405e+00 1.067540050e+00 
1.069509029e+00 1.071410894e+00 
1.073248625e+00 1.075028181e+00 
1.076757550e+00 1.078446269e+00 
1.080105782e+00 1.081748009e+00 
1.083385825e+00 1.085032225e+00 
1.086700082e+00 1.088400960e+00 
1.090145707e+00 1.091943622e+00 
1.093801737e+00 1.095725298e+00 
1.097716808e+00 1.099776506e+00 
1.101902246e+00 1.104089618e+00 
1.106331706e+00 1.108619690e+00 
1.110943198e+00 1.113290548e+00 
1.115649343e+00 1.118006349e+00 
1.120348692e+00 1.122664213e+00 
1.124941349e+00 1.127170205e+00 
1.129342318e+00 1.131451488e+00 
1.133493781e+00 1.135467649e+00 
1.137374043e+00 1.139216065e+00 
1.140999436e+00 1.142732024e+00 
1.144423366e+00 1.146084428e+00 
1.147727370e+00 1.149365067e+00 
1.151010513e+00 1.152676463e+00 
1.154374719e+00 1.156116128e+00 
1.157909989e+00 1.159763813e+00 
1.161682725e+00 1.163669348e+00 
1.165724397e+00 1.167845726e+00 
1.170029163e+00 1.172267556e+00 
1.174552679e+00 1.176874161e+00 
1.179220200e+00 1.181578636e+00 
1.183936119e+00 1.186280012e+00 
1.188597679e+00 1.190877914e+00 
1.193110347e+00 1.195286632e+00 
1.197400331e+00 1.199447393e+00 
1.201426029e+00 1.203336954e+00 
1.205183268e+00 1.206970453e+00 
1.208706260e+00 1.210400105e+00 
1.212062955e+00 1.213706732e+00 
1.215344310e+00 1.216988921e+00 
1.218652964e+00 1.220348597e+00 
1.222086668e+00 1.223876715e+00 
1.225726247e+00 1.227640390e+00 
1.229622364e+00 1.231672645e+00 
1.233789563e+00 1.235968828e+00 
1.238203645e+00 1.240485907e+00 
1.242805123e+00 1.245149016e+00 
1.091777921e+00 1.402829742e+02 
1.580678711e+02 0.000000000e+00 
1.017764211e+00 1.019732594e+00 
1.020932317e+00 1.021630645e+00 
1.021874428e+00 1.021726727e+00 
1.021265030e+00 1.020577788e+00 
1.019761801e+00 1.018918276e+00 
1.018149853e+00 1.017555833e+00 
1.017229915e+00 1.017255545e+00 
1.017703891e+00 1.018630743e+00 
1.020074844e+00 1.022055984e+00 
1.024575114e+00 1.027613401e+00 
1.031133413e+00 1.035080671e+00 
1.039384842e+00 1.043963075e+00 
1.048722625e+00 1.053564072e+00 
1.058385372e+00 1.063084722e+00 
1.067565084e+00 1.071737170e+00 
1.075522900e+00 1.078857780e+00 
1.081693888e+00 1.084001303e+00 
1.085768580e+00 1.087004423e+00 
1.087736368e+00 1.088009715e+00 
1.087886930e+00 1.087444186e+00 
1.086769581e+00 1.085959196e+00 
1.085114360e+00 1.084337473e+00 
1.083728313e+00 1.083380938e+00 
1.083379626e+00 1.083796620e+00 
1.084688902e+00 1.086096168e+00 
1.088039875e+00 1.090522051e+00 
1.093525290e+00 1.097013474e+00 
1.100933075e+00 1.105215073e+00 
1.109777212e+00 1.114527225e+00 
1.119366407e+00 1.124192357e+00 
1.128903389e+00 1.133401871e+00 
1.137598038e+00 1.141412735e+00 
1.144780755e+00 1.147652745e+00 
1.149997234e+00 1.151802182e+00 
1.153074265e+00 1.153839707e+00 
1.154143095e+00 1.154045463e+00 
1.153622270e+00 1.152960658e+00 
1.152156591e+00 1.151310802e+00 
1.150525808e+00 1.149901986e+00 
1.149533510e+00 1.149505734e+00 
1.149891734e+00 1.150749445e+00 
1.152120113e+00 1.154026270e+00 
1.156471491e+00 1.159439445e+00 
1.162895560e+00 1.166787386e+00 
1.171046615e+00 1.175592184e+00 
1.180332422e+00 1.185168624e+00 
1.189998746e+00 1.194720984e+00 
1.199237347e+00 1.203457117e+00 
1.207300663e+00 1.210701346e+00 
1.213608980e+00 1.215990782e+00 
1.217833042e+00 1.219141483e+00 
1.219940901e+00 1.220274568e+00 
1.220202446e+00 1.219799161e+00 
1.219151139e+00 1.218353629e+00 
1.217507482e+00 1.216715097e+00 
1.216076851e+00 1.215687752e+00 
1.215633869e+00 1.215989113e+00 
1.216812491e+00 1.218146682e+00 
1.220015407e+00 1.222423434e+00 
1.225355983e+00 1.228779793e+00 
1.232643247e+00 1.236879587e+00 
1.241408110e+00 1.245531321e+00 
1.094595671e+00 1.406465454e+02 
1.588787689e+02 0.000000000e+00 
1.034519672e+00 1.036060572e+00 
1.036536455e+00 1.036057234e+00 
1.034712076e+00 1.032621503e+00 
1.029932737e+00 1.026814461e+00 
1.023450851e+00 1.020035148e+00 
1.016762018e+00 1.013821483e+00 
1.011391163e+00 1.009630680e+00 
1.008675337e+00 1.008631349e+00 
1.009572506e+00 1.011536717e+00 
1.014525414e+00 1.018502951e+00 
1.023398161e+00 1.029106855e+00 
1.035495639e+00 1.042406321e+00 
1.049662352e+00 1.057074547e+00 
1.064447880e+00 1.071589351e+00 
1.078313589e+00 1.084450722e+00 
1.089851856e+00 1.094394445e+00 
1.097987056e+00 1.100572348e+00 
1.102129340e+00 1.102673888e+00 
1.102258444e+00 1.100969791e+00 
1.098926544e+00 1.096274018e+00 
1.093179703e+00 1.089827061e+00 
1.086408615e+00 1.083119392e+00 
1.080149770e+00 1.077678680e+00 
1.075867057e+00 1.074851990e+00 
1.074742079e+00 1.075613141e+00 
1.077505946e+00 1.080424309e+00 
1.084335089e+00 1.089169621e+00 
1.094825864e+00 1.101172209e+00 
1.108052254e+00 1.115290284e+00 
1.122697830e+00 1.130080342e+00 
1.137243986e+00 1.144002914e+00 
1.150185823e+00 1.155642271e+00 
1.160247803e+00 1.163908601e+00 
1.166564941e+00 1.168193221e+00 
1.168806672e+00 1.168455362e+00 
1.167223930e+00 1.165228605e+00 
1.162613153e+00 1.159543753e+00 
1.156202793e+00 1.152782679e+00 
1.149478197e+00 1.146480560e+00 
1.143969417e+00 1.142107248e+00 
1.141033053e+00 1.140857458e+00 
1.141658783e+00 1.143480062e+00 
1.146327853e+00 1.150171638e+00 
1.154945135e+00 1.160548210e+00 
1.166851521e+00 1.173699975e+00 
1.180919170e+00 1.188321233e+00 
1.195711613e+00 1.202896595e+00 
1.209689379e+00 1.215917349e+00 
1.221428633e+00 1.226096511e+00 
1.229825258e+00 1.232552528e+00 
1.234252095e+00 1.234934807e+00 
1.234648108e+00 1.233474374e+00 
1.231527686e+00 1.228950143e+00 
1.225906491e+00 1.222578287e+00 
1.219157338e+00 1.215838671e+00 
1.212813616e+00 1.210263252e+00 
1.208351374e+00 1.207218528e+00 
1.206977606e+00 1.207709312e+00 
1.209459305e+00 1.212236404e+00 
1.216012716e+00 1.220724583e+00 
1.226274014e+00 1.232533336e+00 
1.239349365e+00 1.245618224e+00 
1.097195387e+00 1.409565430e+02 
1.595930176e+02 0.000000000e+00 
1.048513889e+00 1.049713612e+00 
1.049610734e+00 1.048190236e+00 
1.045575261e+00 1.041931748e+00 
1.037462831e+00 1.032401443e+00 
1.027001739e+00 1.021529913e+00 
1.016254902e+00 1.011438727e+00 
1.007326484e+00 1.004138350e+00 
1.002061009e+00 1.001241088e+00 
1.001780272e+00 1.003730893e+00 
1.007094979e+00 1.011823297e+00 
1.017817616e+00 1.024934292e+00 
1.032989144e+00 1.041764140e+00 
1.051015615e+00 1.060482383e+00 
1.069895864e+00 1.078989029e+00 
1.087506890e+00 1.095214725e+00 
1.101906896e+00 1.107414842e+00 
1.111612082e+00 1.114419580e+00 
1.115808368e+00 1.115800381e+00 
1.114467859e+00 1.111930847e+00 
1.108352542e+00 1.103933692e+00 
1.098905444e+00 1.093520641e+00 
1.088045120e+00 1.082747936e+00 
1.077891707e+00 1.073723316e+00 
1.070464492e+00 1.068304777e+00 
1.067393780e+00 1.067836404e+00 
1.069688439e+00 1.072955370e+00 
1.077591658e+00 1.083502293e+00 
1.090546608e+00 1.098543048e+00 
1.107275724e+00 1.116502404e+00 
1.125962853e+00 1.135388613e+00 
1.144512534e+00 1.153078198e+00 
1.160849214e+00 1.167617798e+00 
1.173212528e+00 1.177503824e+00 
1.180409431e+00 1.181896448e+00 
1.181983590e+00 1.180739641e+00 
1.178281426e+00 1.174769282e+00 
1.170401692e+00 1.165407658e+00 
1.160039186e+00 1.154561162e+00 
1.149242997e+00 1.144348025e+00 
1.140124321e+00 1.136795998e+00 
1.134554625e+00 1.133553028e+00 
1.133899212e+00 1.135652781e+00 
1.138822436e+00 1.143366218e+00 
1.149192452e+00 1.156163454e+00 
1.164100528e+00 1.172789574e+00 
1.181990147e+00 1.191443086e+00 
1.200880051e+00 1.210033417e+00 
1.218645692e+00 1.226478815e+00 
1.233323097e+00 1.239003897e+00 
1.243388891e+00 1.246392250e+00 
1.247977734e+00 1.248160362e+00 
1.247005582e+00 1.244626880e+00 
1.241181850e+00 1.236866593e+00 
1.231908202e+00 1.226557136e+00 
1.221078038e+00 1.215740204e+00 
1.210807562e+00 1.206529737e+00 
1.203132629e+00 1.200810432e+00 
1.199718833e+00 1.199969053e+00 
1.201624036e+00 1.204696178e+00 
1.209146976e+00 1.214888215e+00 
1.221785069e+00 1.229661465e+00 
1.238305926e+00 1.246289849e+00 
1.099800110e+00 1.412796021e+02 
1.603514252e+02 0.000000000e+00 
1.058695555e+00 1.058973312e+00 
1.058510303e+00 1.056503773e+00 
1.053098083e+00 1.048487663e+00 
1.042910457e+00 1.036639214e+00 
1.029971719e+00 1.023219824e+00 
1.016698480e+00 1.010714412e+00 
1.005555034e+00 1.001478076e+00 
9.987020493e-01 9.973990917e-01 
9.976878762e-01 9.996300936e-01 
1.003227830e+00 1.008423567e+00 
1.015102267e+00 1.023095608e+00 
1.032187819e+00 1.042123556e+00 
1.052617431e+00 1.063363433e+00 
1.074046969e+00 1.084355593e+00 
1.093990088e+00 1.102675676e+00 
1.110171795e+00 1.116280675e+00 
1.120854378e+00 1.123800397e+00 
1.125084400e+00 1.124732375e+00 
1.122828960e+00 1.119514585e+00 
1.114980459e+00 1.109462023e+00 
1.103229523e+00 1.096579552e+00 
1.089823246e+00 1.083275914e+00 
1.077244997e+00 1.072019696e+00 
1.067860007e+00 1.064987659e+00 
1.063577890e+00 1.063753605e+00 
1.065580368e+00 1.069064379e+00 
1.074152350e+00 1.080732942e+00 
1.088641524e+00 1.097665310e+00 
1.107551455e+00 1.118016243e+00 
1.128754854e+00 1.139452934e+00 
1.149797320e+00 1.159487844e+00 
1.168247581e+00 1.175833225e+00 
1.182043791e+00 1.186727643e+00 
1.189788342e+00 1.191187620e+00 
1.190947056e+00 1.189147353e+00 
1.185925245e+00 1.181468725e+00 
1.176010132e+00 1.169817805e+00 
1.163186908e+00 1.156427860e+00 
1.149855733e+00 1.143779516e+00 
1.138489485e+00 1.134248257e+00 
1.131280303e+00 1.129764438e+00 
1.129827380e+00 1.131538630e+00 
1.134908676e+00 1.139888287e+00 
1.146370053e+00 1.154192805e+00 
1.163146853e+00 1.172982097e+00 
1.183416367e+00 1.194146156e+00 
1.204857230e+00 1.215236187e+00 
1.224981189e+00 1.233813763e+00 
1.241487980e+00 1.247799397e+00 
1.252593040e+00 1.255768299e+00 
1.257282734e+00 1.257154107e+00 
1.255458832e+00 1.252329946e+00 
1.247951984e+00 1.242554665e+00 
1.236404061e+00 1.229793668e+00 
1.223033190e+00 1.216438174e+00 
1.210317850e+00 1.204964399e+00 
1.200642586e+00 1.197579980e+00 
1.195958614e+00 1.195909023e+00 
1.197504878e+00 1.200760722e+00 
1.205631375e+00 1.212013602e+00 
1.219749570e+00 1.228632689e+00 
1.238415599e+00 1.247459292e+00 
1.102410555e+00 1.415765381e+02 
1.610488281e+02 0.000000000e+00 
9.316750169e-01 9.328233004e-01 
9.322403073e-01 9.301955104e-01 
9.268253446e-01 9.223142266e-01 
9.168874025e-01 9.108032584e-01 
9.043437243e-01 8.978041410e-01 
8.914830685e-01 8.856709003e-01 
8.806397915e-01 8.766339421e-01 
8.738602996e-01 8.724817634e-01 
8.726109862e-01 8.743063211e-01 
8.775696158e-01 8.823465109e-01 
8.885279894e-01 8.959546685e-01 
9.044221044e-01 9.136886597e-01 
9.234836102e-01 9.335175753e-01 
9.434922934e-01 9.531118870e-01 
9.620929360e-01 9.701753259e-01 
9.771311283e-01 9.827728868e-01 
9.869605899e-01 9.896064997e-01 
9.906784296e-01 9.902007580e-01 
9.882534742e-01 9.849699140e-01 
9.805310965e-01 9.751598239e-01 
9.691123962e-01 9.626694322e-01 
9.561257362e-01 9.497799873e-01 
9.439234138e-01 9.388298988e-01 
9.347457290e-01 9.318807125e-01 
9.304012060e-01 9.304232597e-01 
9.320091605e-01 9.351648092e-01 
9.398396015e-01 9.459281564e-01 
9.532744884e-01 9.616771936e-01 
9.708966613e-01 9.806641340e-01 
9.906911254e-01 1.000679731e+00 
1.010333180e+00 1.019367337e+00 
1.027519941e+00 1.034560442e+00 
1.040298462e+00 1.044590473e+00 
1.047345161e+00 1.048526168e+00 
1.048153996e+00 1.046304941e+00 
1.043108821e+00 1.038743496e+00 
1.033429027e+00 1.027419686e+00 
1.020994663e+00 1.014448285e+00 
1.008079290e+00 1.002179623e+00 
9.970248938e-01 9.928634167e-01 
9.899079204e-01 9.883279204e-01 
9.882431030e-01 9.897196293e-01 
9.927673340e-01 9.973394871e-01 
1.003334522e+00 1.010599613e+00 
1.018936276e+00 1.028107405e+00 
1.037845969e+00 1.047864556e+00 
1.057865381e+00 1.067551494e+00 
1.076637506e+00 1.084859014e+00 
1.091983318e+00 1.097816944e+00 
1.102213025e+00 1.105076075e+00 
1.106366396e+00 1.106100082e+00 
1.104350090e+00 1.101242185e+00 
1.096951246e+00 1.091694832e+00 
1.085724831e+00 1.079319358e+00 
1.072771788e+00 1.066380858e+00 
1.060439587e+00 1.055224657e+00 
1.050986886e+00 1.047941685e+00 
1.046261787e+00 1.046070576e+00 
1.047437668e+00 1.050377250e+00 
1.054846287e+00 1.060746908e+00 
1.067929626e+00 1.076199293e+00 
1.085320950e+00 1.095023394e+00 
9.471744895e-01 1.242121658e+02 
1.239780426e+02 0.000000000e+00 
