1
1.03683913
1.07133198
1.10057092
1.12209368
1.134202
1.13619304
1.12845838
1.11243165
1.09039485
1.06518698
1.03987014
1.01740599
1.00039315
0.990874827
0.99021858
1.004004
1.04035592
1.0743922
1.10325551
1.12452912
1.13654709
1.13861954
1.13113046
1.1154865
1.09392726
1.06924212
1.04444075
1.02243924
1.0057981
0.996533155
0.995994627
1.00801587
1.04277778
1.07532609
1.10296583
1.12342143
1.13512671
1.13743281
1.13070023
1.11625004
1.09619093
1.07315254
1.04998159
1.02944446
1.01397789
1.00550616
1.00532115
1.01203609
1.04415989
1.07424664
1.09986436
1.11896789
1.13015163
1.13283432
1.12733746
1.11484468
1.09725058
1.07692587
1.05644798
1.03833461
1.02481484
1.01765752
1.01805437
1.01606405
1.04459822
1.07134461
1.09422505
1.11149991
1.12197673
1.12516248
1.12132823
1.11147678
1.09721732
1.08057463
1.06376278
1.0489589
1.03810406
1.0327481
1.03394055
1.0201
1.04422319
1.06688011
1.08641934
1.1014657
1.11108017
1.11487496
1.11306131
1.10642743
1.09624326
1.08411694
1.07181919
1.06110597
1.05355585
1.050439
1.05261958
1.02414393
1.04319584
1.06117153
1.07689929
1.08940923
1.09804237
1.10252643
1.10300863
1.1000402
1.09451532
1.08757401
1.08048296
1.07450891
1.07080257
1.07029653
1.0736295
1.0281961
1.04170096
1.05458152
1.06617665
1.0759443
1.08351696
1.08874333
1.09170425
1.09270573
1.09224761
1.09097147
1.08959758
1.08885336
1.08940649
1.09180248
1.09641707
1.03225601
1.03993988
1.04750121
1.05480111
1.06172645
1.0682013
1.07419407
1.07972145
1.08484662
1.08967352
1.09433675
1.09898889
1.10378575
1.1088717
1.11436594
1.12035072
1.03632402
1.03812373
1.04033673
1.04333687
1.04742622
1.05280697
1.05956221
1.06764889
1.07689929
1.08703697
1.0976994
1.10847175
1.11892557
1.12866008
1.13734174
1.14473784
1.04039991
1.03646433
1.03349161
1.03234184
1.03370321
1.03803289
1.04552019
1.05606794
1.06929862
1.08458292
1.10108888
1.11785519
1.13387775
1.14820814
1.16005075
1.16884863
1.0444839
1.0351671
1.02735424
1.02234793
1.02118218
1.02454066
1.03270471
1.04553223
1.06246138
1.08254826
1.10453463
1.12695074
1.14824748
1.16694832
1.18180597
1.19194257
1.04857612
1.0344249
1.02228403
1.01384366
1.01043475
1.01293266
1.02169788
1.03655052
1.0567739
1.08115494
1.1080637
1.13557839
1.16165519
1.18433154
1.20193875
1.21329808
1.05267608
1.03441012
1.01860034
1.00725985
1.00196195
1.00373733
1.01300991
1.02957046
1.05257845
1.08060169
1.11170125
1.14357388
1.17375195
1.19984961
1.2198292
1.23224533
1.05678403
1.0352695
1.01657331
1.00295782
0.99618274
0.997395039
1.00706697
1.02496803
1.05016434
1.08105695
1.11546862
1.15079606
1.18423474
1.21305966
1.23493385
1.24819553
1.06089997
1.03711998
1.01641595
1.00122225
0.993424892
0.994250238
1.0042032
1.02303839
1.04975998
1.08265519
1.11938238
1.1571306
1.1928587
1.22360194
1.24681139
1.26067126
