0 0
0 0
0 0
0 0
0 0
0 0
0 0
0 0
0 0
0 0.00141755422
0 0
0 0
0 1
1.002 1.004
1.006 1.008
1.01 1.012
1.014 1.016
1.018 1.02
1.022 1.024
1.026 1.028
1.03 1.032
1.034 0
0 0
0 0
0 1.01825293
1.01997844 1.02116486
1.02184146 1.02205587
1.02187237 1.02136954
1.02063746 1.01977446
1.01888359 1.01806889
1.01743166 1.01706684
1.01705952 1.01748196
1.01839094 1.01982571
1.02180664 0
0 0
0 0
0 1.03505176
1.03652895 1.03697934
1.0364587 1.03505776
1.03289892 1.03013185
1.02692815 1.02347509
1.01996894 1.01660787
1.01358484 1.01108063
1.00925736 1.00825264
1.0081746 1.00909804
1.0110617 0
0 0
0 0
0 1.049081
1.05035971 1.0502218
1.04874423 1.04605215
1.04231444 1.0377376
1.03255836 1.02703509
1.02143858 1.01604223
1.01111225 1.00689807
1.00362333 1.00147788
1.00061093 1.00112566
1.00307553 0
0 0
0 0
0 1.0592892
1.06043819 1.05991581
1.05781282 1.05427692
1.04950733 1.04374771
1.03727734 1.03040108
1.02343841 1.0167119
1.01053562 1.00520387
1.00098052 0.998089552
0.996707008 0.996954628
0.998895483 0
0 0
0 0
0 1.06498919
1.06608959 1.06542319
1.06308595 1.05923396
1.05407787 1.04787521
1.04092122 1.03353818
1.02606377 1.01883902
1.01219592 1.00644556
1.00186688 0.998696665
0.997120994 0.997268561
0.999206039 0
0 0
0 0
0 1.06592356
1.06706114 1.06650492
1.0643469 1.06073673
1.05587633 1.05001262
1.04342862 1.03643329
1.02935039 1.02250681
1.01622086 1.01079075
1.00648392 1.00352734
1.00209942 1.00232353
1.0042636 0
0 0
0 0
0 1.06228925
1.06354622 1.06334387
1.06176146 1.05892794
1.05501726 1.05024216
1.0448465 1.03909644
1.03327093 1.02765162
1.02251273 1.01811122
1.01467747 1.01240706
1.01145368 1.01192364
1.013872 0
0 0
0 0
0 1.05471871
1.05616591 1.05652738
1.05586211 1.05426603
1.05186856 1.04882797
1.04532568 1.04155973
1.03773764 1.03406896
1.03075772 1.02799506
1.02595242 1.02477528
1.02457801 1.02543968
1.02740126 0
0 0
0 0
0 1.04421967
1.04590979 1.0469913
1.04749726 1.04748144
1.04701639 1.04619084
1.04510648 1.04387432
1.04261069 1.04143306
1.04045579 1.03978604
1.03951989 1.03973892
1.04050722 1.04186911
1.04384758 0
0 0
0 0
0 1.03207903
1.03404162 1.03593072
1.03775034 1.03950696
1.04120934 1.04286819
1.0444958 1.04610556
1.04771152 1.04932787
1.05096841 1.05264607
1.05437247 1.05615744
1.05800873 1.05993169
1.06192909 0
0 0
0 0
0 1.01974019
1.02197881 1.02468609
1.02783656 1.03138881
1.03528699 1.03946278
1.04383785 1.04832674
1.05283986 1.05728676
1.06157937 1.06563518
1.0693802 1.07275161
1.07570007 1.07819144
1.08020802 0
0 0
0 0
0 1.00866545
1.01115735 1.01461537
1.01898701 1.02418693
1.03009995 1.03658524
1.04348136 1.0506121
1.05779279 1.06483698
1.0715631 1.07780107
1.08339835 1.08822548
1.09218069 1.09519361
1.0972278 0
0 0
0 0
0 1.00019658
1.00289488 1.00696464
1.01233137 1.01887389
1.02642871 1.03479591
1.04374631 1.05302978
1.06238415 1.07154474
1.08025382 1.08826994
1.09537654 1.10138985
1.10616542 1.10960334
1.11165187 0
0 0
0 0
0 0.99542696
0.998265078 1.00274927
1.00879011 1.01624218
1.02490925 1.03455135
1.04489345 1.05563528
1.06646222 1.07705658
1.08710903 1.09632974
1.10445885 1.11127575
1.11660706 1.1203329
1.12239115 0
0 0
0 0
0 0.995097278
0.997995316 1.00265711
1.00898685 1.01682871
1.02597243 1.0361609
1.0470994 1.05846621
1.06992423 1.08113303
1.09176118 1.10149813
1.11006543 1.1172267
1.12279619 1.12664542
1.12870783 0
0 0
0 0
0 0.999524965
1.00239731 1.00698295
1.01318882 1.02086355
1.02980289 1.03975709
1.05043986 1.06153871
1.07272613 1.08367147
1.09405277 1.10356838
1.11194779 1.1189614
1.12442877 1.12822509
1.13028572 0
0 0
0 0
0 1.00857392
1.01133741 1.0156004
1.02128144 1.02824805
1.03632146 1.0452831
1.05488239 1.06484584
1.07488681 1.08471591
1.09405135 1.10262912
1.11021248 1.11660047
1.12163516 1.12520733
1.12726039 0
0 0
0 0
0 0
0 0
0 0
0 0
0 0
0 0
0 0
0 0
0 0
0 0.00141755422
0 0
0 0
1.03 1.032
1.034 1.036
1.038 1.04
1.042 1.044
1.046 1.048
1.05 1.052
1.054 1.056
1.058 1.06
1.062 0
0 0
0 0
0 0
1.01839094 1.01982571
1.02180664 1.02433439
1.02738999 1.03093542
1.03491508 1.03925772
1.04387901 1.04868461
1.05357354 1.05844184
1.06318625 1.06770802
1.07191637 1.07573182
1.07908903 0
0 0
0 0
0 0
1.0081746 1.00909804
1.0110617 1.0140669
1.01807745 1.023021
1.02879159 1.03525353
1.04224621 1.04958995
1.05709241 1.06455555
1.07178275 1.07858587
1.08479204 1.09024987
1.09483492 0
0 0
0 0
0 0
1.00061093 1.00112566
1.00307553 1.00646235
1.01123619 1.01729723
1.02449929 1.03265516
1.04154327 1.05091571
1.06050713 1.07004431
1.07925597 1.08788255
1.09568555 1.10245612
1.10802255 0
0 0
0 0
0 0
0.996707008 0.996954628
0.998895483 1.0025317
1.00780439 1.01459577
1.02273338 1.03199633
1.0421232 1.05282151
1.06377818 1.07467085
1.08517946 1.09499777
1.10384439 1.1114729
1.11768072 0
0 0
0 0
0 0
0.997120994 0.997268561
0.999206039 1.00293568
1.00839522 1.01546017
1.02394821 1.03362583
1.04421671 1.05541165
1.0668797 1.0782801
1.08927451 1.09953921
1.10877674 1.11672661
1.12317468 0
0 0
0 0
0 0
1.00209942 1.00232353
1.0042636 1.00792176
1.01323836 1.02009401
1.02831395 1.03767433
1.04791022 1.05872521
1.06980203 1.08081399
1.09143674 1.10135993
1.1102984 1.11800241
1.12426668 0
0 0
0 0
0 0
1.01145368 1.01192364
1.013872 1.01730062
1.02215808 1.02834154
1.03570042 1.04404186
1.05313762 1.0627323
1.07255256 1.08231695
1.09174601 1.10057235
1.10855029 1.11546466
1.12113861 0
0 0
0 0
0 0
1.02457801 1.02543968
1.02740126 1.03046413
1.03459005 1.03970249
1.04568944 1.05240739
1.05968655 1.0673369
1.07515509 1.0829317
1.09045883 1.09753755
1.10398506 1.1096413
1.11437467 0
0 0
0 0
0 0
1.04050722 1.04186911
1.04384758 1.04644338
1.04963508 1.05337979
1.05761472 1.06225941
1.0672187 1.07238606
1.0776475 1.08288563
1.08798392 1.09283084
1.09732394 1.10137348
1.1049057 0
0 0
0 0
0 0
1.05800873 1.05993169
1.06192909 1.06400102
1.0661449 1.06835555
1.07062539 1.0729447
1.07530199 1.0776844
1.08007818 1.08246914
1.08484321 1.08718694
1.08948794 1.0917354
1.09392039 0
0 0
0 0
0 0
1.07570007 1.07819144
1.08020802 1.08174923
1.08283157 1.08348808
1.0837671 1.08373059
1.08345183 1.08301284
1.0825014 1.08200791
1.08162211 1.08142987
1.08151009 1.08193187
1.082752 0
0 0
0 0
0 0
1.09218069 1.09519361
1.0972278 1.09828202
1.09839031 1.09762075
1.09607303 1.09387483
1.09117726 1.08814938
1.08497216 1.08183194
1.07891371 1.07639449
1.07443694 1.0731835
1.07275126 0
0 0
0 0
0 0
1.10616542 1.10960334
1.11165187 1.11230927
1.11162384 1.10969225
1.106656 1.10269635
1.0980278 1.09289035
1.08754091 1.08224398
1.07726219 1.07284683
1.0692288 1.06661029
1.06515754 0
0 0
0 0
0 0
1.11660706 1.1203329
1.12239115 1.12277971
1.12155659 1.11883777
1.11479311 1.10964015
1.10363636 1.09706978
1.09024875 1.08349076
1.077111 1.07141109
1.06666816 1.06312489
1.06098079 0
0 0
0 0
0 0
1.12279619 1.12664542
1.12870783 1.12898119
1.12752762 1.12447144
1.11999462 1.11433028
1.10775426 1.10057523
1.09312355 1.08573941
1.07876056 1.07251015
1.06728514 1.06334556
1.06090519 0
0 0
0 0
0 0
1.12442877 1.12822509
1.13028572 1.13060847
1.12925371 1.12634219
1.12205067 1.11660559
1.11027493 1.1033585
1.09617723 1.08906157
1.0823396 1.07632523
1.07130692 1.06753727
1.06522393 0
0 0
0 0
0 0
1.12163516 1.12520733
1.12726039 1.12779244
1.1268563 1.12455766
1.12105123 1.11653519
1.11124406 1.10544027
1.09940469 1.09342652
1.08779292 1.08277862
1.07863609 1.07558641
1.07381131 0
0 0
0 0
0 0
0 0.995097278
0.997995316 1.00265711
1.00898685 1.01682871
1.02597243 1.0361609
1.0470994 1.05846621
1.06992423 1.08113303
1.09176118 1.10149813
1.11006543 1.1172267
1.12279619 1.12664542
1.12870783 0.00141755422
0 0
0 0
0 0.999524965
1.00239731 1.00698295
1.01318882 1.02086355
1.02980289 1.03975709
1.05043986 1.06153871
1.07272613 1.08367147
1.09405277 1.10356838
1.11194779 1.1189614
1.12442877 1.12822509
1.13028572 0
0 0
0 0
0 1.00857392
1.01133741 1.0156004
1.02128144 1.02824805
1.03632146 1.0452831
1.05488239 1.06484584
1.07488681 1.08471591
1.09405135 1.10262912
1.11021248 1.11660047
1.12163516 1.12520733
1.12726039 0
0 0
0 0
0 1.02166747
1.02424932 1.02797392
1.03277921 1.03856422
1.04519271 1.05249811
1.06028946 1.06835833
1.07648629 1.08445277
1.09204304 1.0990559
1.10531093 1.11065498
1.11496769 1.11816582
1.12020626 0
0 0
0 0
0 1.03784337
1.04018811 1.04320992
1.04687201 1.05111458
1.05585691 1.0610003
1.0664316 1.07202733
1.07765807 1.08319314
1.08850531 1.09347537
1.09799642 1.10197772
1.10534798 1.10805786
1.11008182 0
0 0
0 0
0 1.05584553
1.05792029 1.06014189
1.06250235 1.06498869
1.06758341 1.07026512
1.07300926 1.07578906
1.07857645 1.0813431
1.0840614 1.08670551
1.08925225 1.09168193
1.0939791 1.09613305
1.09813825 0
0 0
0 0
0 1.07424375
1.07604141 1.07744167
1.07846612 1.07914987
1.0795403 1.07969533
1.07968136 1.0795709
1.07943988 1.07936501
1.07942098 1.07967774
1.08019804 1.08103514
1.08223088 1.08381423
1.08580016 0
0 0
0 0
0 1.09157007
1.09310991 1.09374602
1.09352746 1.0925341
1.09087368 1.08867792
1.08609785 1.08329831
1.08045204 1.07773346
1.07531242 1.07334801
1.07198294 1.07133832
1.07150932 1.07256178
1.07452979 0
0 0
0 0
0 1.10645872
1.10778462 1.10778659
1.10653653 1.10415143
1.1007891 1.09664255
1.09193301 1.08690195
1.08180243 1.07688999
1.0724134 1.06860577
1.06567613 1.0638019
1.06312252 1.06373442
1.06568757 0
0 0
0 0
0 1.11777632
1.11895254 1.11851085
1.11653913 1.11318033
1.10862731 1.10311594
1.09691656 1.09032427
1.08364833 1.07720099
1.0712863 1.0661891
1.06216485 1.05943035
1.05815602 1.05845971
1.06040245 0
0 0
0 0
0 1.12472994
1.12583501 1.12518244
1.12286768 1.11904605
1.11392706 1.10776695
1.1008594 1.09352501
1.08609975 1.07892283
1.07232456 1.06661439
1.06206983 1.05892643
1.0573693 1.05752647
1.05946428 0
0 0
0 0
0 1.12694266
1.1280619 1.12745132
1.12520487 1.1214754
1.11646912 1.11043819
1.10367165 1.09648504
1.08920898 1.08217735
1.0757152 1.07012709
1.06568614 1.06262416
1.06112335 1.06130969
1.06324848 0
0 0
0 0
0 1.12448953
1.12570691 1.12538719
1.12361388 1.12052278
1.11629713 1.11116099
1.10537121 1.09920816
1.09296563 1.08694029
1.08142098 1.07667833
1.07295502 1.07045704
1.06934628 1.0697347
1.07168031 0
0 0
0 0
0 1.11789043
1.11928054 1.11947284
1.11853239 1.116565
1.11371349 1.11015246
1.10608206 1.10172077
1.09729755 1.09304358
1.08918394 1.08592955
1.0834695 1.08196432
1.08154018 1.08228431
1.08424193 0
0 0
0 0
0 1.10806045
1.10968145 1.1105581
1.11073081 1.11026537
1.10925051 1.10779473
1.10602241 1.10406933
1.10207777 1.10019138
1.09855004 1.09728481
1.09651321 1.096335
1.09682857 1.09804814
1.1000218 0
0 0
0 0
0 1.09622272
1.09811074 1.09977882
1.10123892 1.10251045
1.10361965 1.10459857
1.10548397 1.10631596
1.10713657 1.10798826
1.10891235 1.10994758
1.11112866 1.11248506
1.11403996 1.11580936
1.11780158 0
0 0
0 0
0 1.08379176
1.08595747 1.08844863
1.09124757 1.09432554
1.09764372 1.10115469
1.10480406 1.10853246
1.11227768 1.11597693
1.11956903 1.12299668
1.1262085 1.12916088
1.13181953 1.13416076
1.13617228 0
0 0
0 0
0 0
0 0
0 0
0 0
0 0
0 0
0 0
0 0
0 0
0 0
0 0
0 0
0 0
0 0
0 0
0 0
0 0
0 0
0 0
0 0
0 0
0 0
0 0
0 0
1.12279619 1.12664542
1.12870783 1.12898119
1.12752762 1.12447144
1.11999462 1.11433028
1.10775426 1.10057523
1.09312355 1.08573941
1.07876056 1.07251015
1.06728514 1.06334556
1.06090519 0
0 0.00141755422
0 0
0 0
1.12442877 1.12822509
1.13028572 1.13060847
1.12925371 1.12634219
1.12205067 1.11660559
1.11027493 1.1033585
1.09617723 1.08906157
1.0823396 1.07632523
1.07130692 1.06753727
1.06522393 0
0 0
0 0
0 0
1.12163516 1.12520733
1.12726039 1.12779244
1.1268563 1.12455766
1.12105123 1.11653519
1.11124406 1.10544027
1.09940469 1.09342652
1.08779292 1.08277862
1.07863609 1.07558641
1.07381131 0
0 0
0 0
0 0
1.11496769 1.11816582
1.12020626 1.12108755
1.12084995 1.11957399
1.11737759 1.11441177
1.11085527 1.10690807
1.10278423 1.09870414
1.09488664 1.09154111
1.08885994 1.08701162
1.08613465 0
0 0
0 0
0 0
1.10534798 1.10805786
1.11008182 1.11141899
1.11209324 1.11215228
1.11166596 1.11072377
1.10943162 1.10790797
1.10627967 1.10467729
1.10323049 1.10206333
1.1012898 1.10100972
1.10130515 0
0 0
0 0
0 0
1.0939791 1.09613305
1.09813825 1.0999945
1.10170699 1.10328605
1.10474685 1.10610878
1.10739481 1.10863065
1.10984378 1.11106254
1.11231504 1.11362818
1.11502669 1.11653221
1.11816254 0
0 0
0 0
0 0
1.08223088 1.08381423
1.08580016 1.0881892
1.09096733 1.09410656
1.09756587 1.10129275
1.10522504 1.1092932
1.11342279 1.11753716
1.12156022 1.12541914
1.12904703 1.1323853
1.13538577 0
0 0
0 0
0 0
1.07150932 1.07256178
1.07452979 1.07741453
1.08118413 1.0857749
1.09109361 1.09702081
1.10341515 1.11011847
1.11696149 1.12376991
1.13037065 1.13659815
1.14230023 1.14734366
1.1516189 0
0 0
0 0
0 0
1.06312252 1.06373442
1.06568757 1.06898365
1.07357602 1.07937136
1.08623309 1.09398621
1.10242367 1.11131377
1.12040853 1.12945259
1.13819243 1.14638547
1.15380882 1.16026727
1.16560037 0
0 0
0 0
0 0
1.05815602 1.05845971
1.06040245 1.06398632
1.06915432 1.07579241
1.08373366 1.09276425
1.10263113 1.11305116
1.12372129 1.13432946
1.14456587 1.15413405
1.16276164 1.17021008
1.17628328 0
0 0
0 0
0 0
1.0573693 1.05752647
1.05946428 1.06318494
1.06862655 1.07566522
1.08411962 1.09375742
1.10430375 1.115451
1.12686995 1.1382216
1.14916937 1.15939121
1.1685912 1.17651022
1.18293521 0
0 0
0 0
0 0
1.06112335 1.06130969
1.06324848 1.06694191
1.07232903 1.07928794
1.08764015 1.09715704
1.10756807 1.11857051
1.12984035 1.14104395
1.15185006 1.16194174
1.17102775 1.17885306
1.18520801 0
0 0
0 0
0 0
1.06934628 1.0697347
1.07168031 1.07518506
1.08019479 1.08660118
1.09424564 1.10292501
1.11239889 1.12239829
1.1326353 1.14281345
1.1526384 1.16182851
1.17012501 1.17730127
1.18317099 0
0 0
0 0
0 0
1.08154018 1.08228431
1.08424193 1.08741454
1.09175996 1.09719377
1.10359237 1.11079745
1.11862168 1.12685544
1.13527435 1.1436474
1.15174521 1.15934831
1.16625503 1.17228877
1.17730436 0
0 0
0 0
0 0
1.09682857 1.09804814
1.1000218 1.10275049
1.106208 1.11034186
1.11507528 1.12030986
1.1259292 1.13180303
1.13779192 1.14375231
1.14954165 1.15502357
1.16007275 1.16457943
1.1684534 0
0 0
0 0
0 0
1.11403996 1.11580936
1.11780158 1.12001689
1.12244754 1.12507803
1.12788567 1.13084139
1.13391079 1.13705539
1.14023399 1.14340416
1.1465238 1.1495526
1.15245354 1.15519418
1.15774789 0
0 0
0 0
0 0
1.13181953 1.13416076
1.13617228 1.13785367
1.13921641 1.14028342
1.14108829 1.14167404
1.14209156 1.14239781
1.14265375 1.14292215
1.14326534 1.14374295
1.14440976 1.14531377
1.14649441 0
0 0
0 0
0 0
0 0
0 0
0 0
0 0
0 0
0 0
0 0
0 0
0 0
0 0
0 0
0 0
0 0
0 0
0 0
0 0
0 0
0 0
0 0
0 0
0 0
0 0
0 0
0 0
0 0
0 0
0 0
0 0
0 0
0 0
0 0
0 0
0 0
0 0.00178261106
0 0
0 0
0 0.999884748
1.00401722 1.00591513
1.00774935 1.00952584
1.01125262 1.01293952
1.01459778 1.01623969
1.01787812 1.01952607
1.0211962 1.02290035
1.02464916 1.02645165
1.02831492 1.03024386
1.03224102 0
0 0
0 0
0 1.01823611
1.01973256 1.02093233
1.02163066 1.02187439
1.02172673 1.02126498
1.02057775 1.01976175
1.01891833 1.01814983
1.0175559 1.0172299
1.01725553 1.01770387
1.01863075 1.02007481
1.02205604 0
0 0
0 0
0 1.03499987
1.03606063 1.03653646
1.0360572 1.03471209
1.03262151 1.0299327
1.02681442 1.02345087
1.02003511 1.01676205
1.01382147 1.01139121
1.0096307 1.00867529
1.00863137 1.00957248
1.01153674 0
0 0
0 0
0 1.04900092
1.0497136 1.04961079
1.0481903 1.04557524
1.04193172 1.03746285
1.03240145 1.02700168
1.02152987 1.01625494
1.01143872 1.00732654
1.00413839 1.002061
1.00124111 1.00178022
1.00373092 0
0 0
0 0
0 1.05919045
1.05967589 1.05919491
1.05715927 1.05371424
1.04905578 1.04342354
1.03709222 1.03036167
1.02354612 1.01696286
1.0109208 1.00570941
1.00158821 0.998777535
0.997450517 0.997726903
0.999668729 0
0 0
0 0
0 1.06488301
1.06528376 1.06466113
1.06239508 1.05863916
1.05360054 1.04753253
1.04072553 1.03349651
1.02617764 1.01910431
1.01260309 1.00697996
1.00250927 0.999423928
0.997906954 0.99808493
1.00002343 0
0 0
0 0
0 1.06582184
1.06628861 1.06577435
1.06368458 1.0601665
1.05541872 1.0496841
1.04324102 1.03639335
1.02945955 1.02276114
1.01661121 1.01130307
1.00709976 1.00422455
1.00285291 1.00310617
1.00504722 0
0 0
0 0
0 1.06220337
1.06288063 1.06271443
1.06119083 1.05843665
1.054623 1.04995912
1.04468486 1.03906203
1.03336498 1.02787074
1.02284904 1.01855261
1.01520806 1.01300775
1.01210286 1.01259793
1.01454714 0
0 0
0 0
0 1.05465849
1.05567072 1.05605909
1.05543757 1.05390052
1.05157523 1.04861739
1.04520542 1.04153412
1.03780761 1.03423198
1.03100793 1.02832346
1.02634717 1.02522219
1.02506099 1.02594134
1.02790355 0
0 0
0 0
0 1.04419239
1.04563221 1.0467288
1.04725928 1.04727655
1.04685197 1.0460728
1.04503907 1.04385997
1.04264991 1.04152444
1.04059605 1.03997012
1.03974118 1.03998944
1.04077795 1.04215033
1.04412914 0
0 0
0 0
0 1.03208877
1.03400811 1.03589903
1.03772161 1.03948222
1.04118949 1.04285394
1.04448766 1.04610383
1.04771626 1.0493389
1.05098534 1.0526683
1.05439918 1.05618769
1.05804142 1.05996564
1.06196308 0
0 0
0 0
0 1.01978743
1.02219256 1.02488823
1.02801981 1.03154659
1.03541361 1.03955367
1.04388976 1.04833779
1.05280966 1.05721639
1.06147137 1.06549343
1.0692098 1.07255871
1.0754916 1.07797489
1.07999121 0
0 0
0 0
0 1.00874702
1.01159799 1.01503207
1.01936478 1.02451217
1.03036096 1.03677262
1.04358837 1.05063489
1.05773053 1.06469191
1.07134046 1.07750886
1.08304709 1.0878278
1.09175092 1.09474721
1.09678084 0
0 0
0 0
0 1.000306
1.0035204 1.00755618
1.01286764 1.01933559
1.02679923 1.03506191
1.04389822 1.05306212
1.06229577 1.07133881
1.07993776 1.08785512
1.0948779 1.10082532
1.10555533 1.10896965
1.11101738 0
0 0
0 0
0 0.995555014
0.999015842 1.00345925
1.00943376 1.01679634
1.02535396 1.03487061
1.04507577 1.0556741
1.06635614 1.07680942
1.08672968 1.09583187
1.10386036 1.11059818
1.11587481 1.11957232
1.12162962 0
0 0
0 0
0 0.995232936
0.998799754 1.00341785
1.00967652 1.01742248
1.02644893 1.03650298
1.04729475 1.05850781
1.06981056 1.0808682
1.09135471 1.10096466
1.10942415 1.1165007
1.12201159 1.12583046
1.12789185 0
0 0
0 0
0 0.999656405
1.00317873 1.00772193
1.01385876 1.02144033
1.03026576 1.04008939
1.05062963 1.06157911
1.07261572 1.08341422
1.09365794 1.10305017
1.11132486 1.11825617
1.12366662 1.12743345
1.12949308 0
0 0
0 0
0 1.00868965
1.01202132 1.01624716
1.02186778 1.02875286
1.03672658 1.04557393
1.05504848 1.0648812
1.07479018 1.08449076
1.09370578 1.10217558
1.10966728 1.11598324
1.12096811 1.12451447
1.12656667 0
0 0
0 0
0 0
0 0
0 0
0 0
0 0
0 0
0 0
0 0
0 0
0 0.00178261106
0 0
0 0
1.02831492 1.03024386
1.03224102 1.03430649
1.03643788 1.03863047
1.04087729 1.04316945
1.04549643 1.04784642
1.05020684 1.05256467
1.05490704 1.0572216
1.059497 1.06172299
0.92919037 0
0 0
0 0
0 0
1.01863075 1.02007481
1.02205604 1.02457514
1.0276134 1.03113347
1.03508063 1.03938481
1.04396307 1.04872262
1.05356413 1.05838534
1.0630847 1.06756507
1.07173717 1.07510393
0.94420183 0
0 0
0 0
0 0
1.00863137 1.00957248
1.01153674 1.01452544
1.01850298 1.02339821
1.02910691 1.0354956
1.04240632 1.04966234
1.05707448 1.06444794
1.07158933 1.07831361
1.08445073 1.08927971
0.957978925 0
0 0
0 0
0 0
1.00124111 1.00178022
1.00373092 1.00709496
1.01182327 1.01781764
1.02493432 1.03298913
1.04176417 1.05101559
1.06048239 1.06989584
1.07898912 1.08750692
1.09521466 1.10121238
0.969517663 0
0 0
0 0
0 0
0.997450517 0.997726903
0.999668729 1.00327809
1.00849706 1.01520978
1.02324664 1.03239036
1.04238383 1.05293935
1.06374899 1.07449568
1.08486462 1.09455459
1.10328882 1.11005036
0.977968272 0
0 0
0 0
0 0
0.997906954 0.99808493
1.00002343 1.00372468
1.00912744 1.01610923
1.02449077 1.03404236
1.04449222 1.05553622
1.06684884 1.07809493
1.08894169 1.09907073
1.10818945 1.11523711
0.98277538 0
0 0
0 0
0 0
1.00285291 1.00310617
1.00504722 1.00867816
1.01394031 1.02071626
1.0288341 1.03807365
1.04817434 1.05884463
1.06977245 1.08063647
1.09111768 1.1009108
1.10973537 1.11656414
0.983730959 0
0 0
0 0
0 0
1.01210286 1.01259793
1.01454714 1.01795231
1.02276286 1.02887764
1.03614856 1.0443859
1.05336517 1.06283519
1.07252708 1.08216401
1.09147111 1.1001854
1.1080652 1.11419096
0.980994162 0
0 0
0 0
0 0
1.02506099 1.02594134
1.02790355 1.03094898
1.03504 1.04010135
1.04602285 1.05266335
1.05985585 1.06741345
1.07513613 1.08281791
1.09025431 1.09724966
1.10362417 1.10862979
0.975076143 0
0 0
0 0
0 0
1.04077795 1.04215033
1.04412914 1.04671517
1.04988731 1.05360338
1.05780161 1.06240289
1.0673136 1.07242897
1.07763687 1.08282185
1.08786927 1.09266947
1.09712164 1.10069681
0.966791334 0
0 0
0 0
0 0
1.05804142 1.05996564
1.06196308 1.06403384
1.06617536 1.06838255
1.07064795 1.07296202
1.07531345 1.07768958
1.08007689 1.08246143
1.08482937 1.08716745
1.08946352 1.09143428
0.957179798 0
0 0
0 0
0 0
1.0754916 1.07797489
1.07999121 1.08153994
1.08263735 1.08331591
1.08362319 1.0836201
1.08337875 1.0829798
1.08250959 1.08205703
1.0817104 1.08155414
1.08166588 1.08201123
0.947408081 0
0 0
0 0
0 0
1.09175092 1.09474721
1.09678084 1.09785058
1.09798993 1.09726583
1.09577635 1.09364707
1.09102661 1.08808127
1.08498903 1.08193319
1.0790957 1.07665067
1.07475808 1.07361198
0.938657996 0
0 0
0 0
0 0
1.10555533 1.10896965
1.11101738 1.11169681
1.11105547 1.10918842
1.10623484 1.10237302
1.09781394 1.09279366
1.08756486 1.08238771
1.07752054 1.07321049
1.06968468 1.06732325
0.932013962 0
0 0
0 0
0 0
1.11587481 1.11957232
1.12162962 1.12204463
1.12087441 1.11823306
1.11428762 1.10925209
1.10337968 1.09695373
1.0902775 1.08366327
1.07742108 1.07184756
1.06721532 1.06403057
0.928359622 0
0 0
0 0
0 0
1.12201159 1.12583046
1.12789185 1.12819355
1.12679668 1.1238235
1.119453 1.11391447
1.10747923 1.10045087
1.09315435 1.08592426
1.0790928 1.07297783
1.06787142 1.06433383
0.928293602 0
0 0
0 0
0 0
1.12366662 1.12743345
1.12949308 1.12984337
1.12854368 1.12571278
1.12152454 1.11620168
1.11000777 1.10323771
1.09620716 1.08924113
1.08266233 1.07677953
1.07187643 1.06849012
0.932072445 0
0 0
0 0
0 0
1.12096811 1.12451447
1.12656667 1.12712281
1.12623487 1.1240068
1.12059075 1.11618168
1.11101024 1.10533455
1.09943088 1.09358367
1.08807538 1.08317623
1.07913453 1.07638922
0.939586152 0
0 0
0 0
0 0
0 0.995232936
0.998799754 1.00341785
1.00967652 1.01742248
1.02644893 1.03650298
1.04729475 1.05850781
1.06981056 1.0808682
1.09135471 1.10096466
1.10942415 1.1165007
1.12201159 1.12583046
1.12789185 0.00178261106
0 0
0 0
0 0.999656405
1.00317873 1.00772193
1.01385876 1.02144033
1.03026576 1.04008939
1.05062963 1.06157911
1.07261572 1.08341422
1.09365794 1.10305017
1.11132486 1.11825617
1.12366662 1.12743345
1.12949308 0
0 0
0 0
0 1.00868965
1.01202132 1.01624716
1.02186778 1.02875286
1.03672658 1.04557393
1.05504848 1.0648812
1.07479018 1.08449076
1.09370578 1.10217558
1.10966728 1.11598324
1.12096811 1.12451447
1.12656667 0
0 0
0 0
0 1.02175743
1.02477052 1.02846681
1.03322605 1.03894893
1.04550144 1.05271975
1.06041604 1.06838528
1.07641264 1.08428118
1.09177969 1.09871026
1.10489544 1.11018459
1.11445934 1.1176378
1.11967758 0
0 0
0 0
0 1.03789988
1.04049692 1.04350195
1.04713676 1.05134252
1.05603983 1.06113162
1.0665066 1.0720433
1.07761444 1.08309147
1.08834927 1.09327058
1.09775024 1.10169902
1.10504678 1.10774501
1.10976858 0
0 0
0 0
0 1.05586403
1.05798726 1.06020522
1.06255976 1.06503812
1.06762308 1.0702936
1.07302552 1.07579252
1.07856699 1.08132105
1.08402756 1.0866611
1.08919886 1.09162149
1.09391378 1.0960652
1.09807031 0
0 0
0 0
0 1.07422322
1.07586016 1.07727026
1.07831073 1.07901609
1.07943294 1.07961825
1.07963735 1.07956152
1.07946549 1.07942468
1.07951256 1.07979794
1.08034253 1.08119871
1.08240766 1.08399785
1.08598402 0
0 0
0 0
0 1.09151316
1.09269772 1.09335621
1.09317408 1.09222986
1.09062952 1.08850264
1.08599775 1.08327699
1.08051028 1.07786916
1.07552069 1.07362137
1.07231153 1.07171032
1.07191135 1.07297936
1.0749479 0
0 0
0 0
0 1.10637149
1.10718078 1.10721555
1.10601884 1.10370572
1.10043142 1.09638577
1.09178637 1.08687073
1.08188775 1.07708878
1.07271851 1.06900622
1.0661575 1.06434686
1.06371147 1.06434616
1.06630008 0
0 0
0 0
0 1.11766766
1.11821462 1.11781301
1.11590649 1.11263565
1.10819021 1.10280214
1.09673736 1.09028612
1.08375259 1.07744393
1.07165915 1.06667846
1.0627531 1.06009633
1.05887575 1.05920727
1.06115096 0
0 0
0 0
0 1.12461072
1.12503336 1.12442433
1.1221804 1.11845433
1.11345221 1.10742605
1.10066472 1.09348356
1.08621302 1.07918675
1.07272962 1.06714602
1.06270889 1.05964992
1.05815118 1.05833861
1.06027743 0
0 0
0 0
0 1.12682471
1.12727294 1.12670521
1.12452847 1.12089305
1.11600178 1.11010268
1.10348006 1.09644425
1.08932046 1.08243709
1.07611384 1.0706503
1.06631508 1.0633362
1.06189285 1.06210897
1.06404876 0
0 0
0 0
0 1.12438448
1.12500585 1.12472421
1.12301284 1.12000532
1.11588186 1.11086287
1.10520096 1.09917191
1.09306469 1.08717109
1.08177521 1.07714324
1.07351388 1.07108974
1.07003005 1.07044493
1.07239143 0
0 0
0 0
0 1.11780861
1.11873423 1.1189562
1.11806401 1.11616176
1.11338988 1.10992014
1.10594938 1.10169252
1.09737474 1.09322343
1.08945999 1.08629185
1.08390501 1.08245738
1.08207303 1.08283778
1.08479608 0
0 0
0 0
0 1.10800991
1.10934196 1.11023704
1.11043975 1.11001478
1.10904941 1.10765036
1.10593997 1.10405178
1.10212574 1.10030314
1.09872158 1.09750995
1.09678385 1.0966414
1.09715969 1.09839207
1.10036617 0
0 0
0 0
0 1.09621054
1.0995268 1.10109764
1.10239955 1.10345765
1.10430586 1.10498562
1.10554444 1.10603421
1.10650927 1.10702452
1.10763338 1.10838593
1.10932706 1.1104949
1.11191938 1.11362122
1.11561116 0
0 0
0 0
0 0.948254353
0.950215645 0.95239522
0.954843979 0.957536772
0.960439667 0.963511171
0.966703721 0.969965397
0.973241792 0.976477969
0.979620438 0.982619081
0.985428957 0.98801192
0.990337989 0.992386431
0.994146504 0
0 0
0 0
0 0
0 0
0 0
0 0
0 0
0 0
0 0
0 0
0 0
0 0
0 0
0 0
0 0
0 0
0 0
0 0
0 0
0 0
0 0
0 0
0 0
0 0
0 0
0 0
1.12201159 1.12583046
1.12789185 1.12819355
1.12679668 1.1238235
1.119453 1.11391447
1.10747923 1.10045087
1.09315435 1.08592426
1.0790928 1.07297783
1.06787142 1.06433383
0.928293602 0
0 0.00178261106
0 0
0 0
1.12366662 1.12743345
1.12949308 1.12984337
1.12854368 1.12571278
1.12152454 1.11620168
1.11000777 1.10323771
1.09620716 1.08924113
1.08266233 1.07677953
1.07187643 1.06849012
0.932072445 0
0 0
0 0
0 0
1.12096811 1.12451447
1.12656667 1.12712281
1.12623487 1.1240068
1.12059075 1.11618168
1.11101024 1.10533455
1.09943088 1.09358367
1.08807538 1.08317623
1.07913453 1.07638922
0.939586152 0
0 0
0 0
0 0
1.11445934 1.1176378
1.11967758 1.12057723
1.12037636 1.11915418
1.11702666 1.11414236
1.11067708 1.10682751
1.10280418 1.0988239
1.0951019 1.09184412
1.0892398 1.08756407
0.950368669 0
0 0
0 0
0 0
1.10504678 1.10774501
1.10976858 1.11111663
1.11181264 1.11190354
1.11145804 1.11056415
1.10932604 1.10786024
1.10629149 1.10474825
1.10335803 1.10224286
1.10151486 1.10123534
0.963642318 0
0 0
0 0
0 0
1.09391378 1.0960652
1.09807031 1.09992893
1.10164613 1.10323211
1.10470176 1.10607416
1.10737192 1.1086203
1.10984635 1.11107793
1.1123427 1.11366712
1.1150755 1.11638572
0.978391934 0
0 0
0 0
0 0
1.08240766 1.08399785
1.08598402 1.08836667
1.09113203 1.09425255
1.09768791 1.10138644
1.10528701 1.10932122
1.11341585 1.11749551
1.12148536 1.12531377
1.12891494 1.13185686
0.993461641 0
0 0
0 0
0 0
1.07191135 1.07297936
1.0749479 1.07781811
1.08155866 1.08610691
1.09137114 1.09723387
1.10355607 1.11018219
1.11694571 1.12367519
1.13020041 1.13635851
1.14199982 1.14645986
1.00766505 0
0 0
0 0
0 0
1.06371147 1.06434616
1.06630008 1.06957488
1.07412469 1.07985773
1.08663965 1.09429833
1.10263012 1.11140711
1.12038541 1.12931384
1.13794304 1.14603442
1.15336873 1.15908858
1.01989836 0
0 0
0 0
0 0
1.05887575 1.05920727
1.06115096 1.06470883
1.06982482 1.07638677
1.0842305 1.09314568
1.10288342 1.11316523
1.12369303 1.1341599
1.1442611 1.15370505
1.16222384 1.16882507
1.02924558 0
0 0
0 0
0 0
1.05815118 1.05833861
1.06027743 1.06396985
1.06935496 1.07631093
1.08465937 1.0941718
1.10457783 1.11557492
1.12683926 1.13803739
1.14883827 1.15892515
1.16800695 1.17502714
1.03506586 0
0 0
0 0
0 0
1.06189285 1.06210897
1.06404876 1.06771439
1.07304591 1.07992342
1.08817135 1.09756485
1.10783781 1.11869247
1.12981014 1.14086266
1.15152421 1.16148306
1.17045275 1.17738951
1.03705458 0
0 0
0 0
0 0
1.07003005 1.07044493
1.07239143 1.07587147
1.0808318 1.08716586
1.09471766 1.10328738
1.11263858 1.12250667
1.13260846 1.14265236
1.15234885 1.16142094
1.16961407 1.17597298
1.03527241 0
0 0
0 0
0 0
1.08207303 1.08283778
1.08479608 1.08794945
1.09225637 1.0976338
1.1039602 1.11107984
1.11880846 1.12693989
1.13525343 1.14352187
1.15151958 1.15903069
1.16585687 1.17119859
1.0301395 0
0 0
0 0
0 0
1.09715969 1.09839207
1.10036617 1.1030829
1.10651648 1.11061532
1.11530386 1.12048534
1.12604527 1.13185551
1.13777892 1.1436743
1.14940144 1.1548262
1.15982532 1.16380749
1.02239542 0
0 0
0 0
0 0
1.11191938 1.11362122
1.11561116 1.11788955
1.12044638 1.1232616
1.12630588 1.12954162
1.13292435 1.13640431
1.13992823 1.14344125
1.14688893 1.15021916
1.15338406 1.15602308
1.01303059 0
0 0
0 0
0 0
0.990337989 0.992386431
0.994146504 0.995617845
0.996810485 0.997744482
0.998449208 0.998962284
0.999328228 0.999596855
0.999821483 1.00005701
1.00035795 1.00077645
1.00136043 1.00215167
0.859871407 0
0 0
0 0
0 0
0 0
0 0
0 0
0 0
0 0
0 0
0 0
0 0
0 0
0 0
0 0
0 0
0 0
0 0
0 0
0 0
0 0
0 0
0 0
0 0
0 0
0 0
0 0
0 0
0 0
0 0
0 0
0 0
0 0
0 0
0 0
0 0
0 0
0 0.00382022524
0 0
0 0
0 0.999740201
1.00569145 1.00750199
1.00919382 1.01077836
1.01227054 1.01368859
1.01505344 1.01638791
1.01771591 1.0190616
1.02044849 1.02189861
1.02343172 1.02506458
1.02681037 1.02867821
1.0306728 0
0 0
0 0
0 1.01813069
1.01977207 1.02094302
1.02164199 1.02188661
1.02174005 1.02127958
1.02059374 1.0197792
1.01893727 1.01817021
1.01757763 1.01725282
1.01727947 1.01772859
1.018656 1.0201003
1.02208149 0
0 0
0 0
0 1.03483496
1.03565313 1.03610085
1.03566229 1.03437209
1.03234866 1.02973682
1.02670256 1.02342706
1.02010019 1.01691369
1.01405422 1.01169668
1.0099979 1.00909101
1.00908064 1.01003913
1.01200398 0
0 0
0 0
0 1.04878828
1.04915033 1.0490098
1.04764546 1.04510616
1.04155528 1.0371926
1.03224712 1.02696883
1.02161967 1.01646416
1.01175983 1.00774799
1.004645 1.00263454
1.00186094 1.00242404
1.00437554 0
0 0
0 0
0 1.05894634
1.05901078 1.05848584
1.05651645 1.0531608
1.04861164 1.04310469
1.03691013 1.0303229
1.02365207 1.0172097
1.01129966 1.00620664
1.00218593 0.999454224
0.998181821 0.998486502
1.00042928 0
0 0
0 0
0 1.0646266
1.06458046 1.06391158
1.06171556 1.05805413
1.05313104 1.04719548
1.04053305 1.03345553
1.02628963 1.01936524
1.01300358 1.00750558
1.00314112 1.00013925
0.998680012 0.998887897
1.00082741 0
0 0
0 0
0 1.06557344
1.06561438 1.06505577
1.06303313 1.05960564
1.05496863 1.04936097
1.04305649 1.03635406
1.02956691 1.0230113
1.01699515 1.01180698
1.0077055 1.00491032
1.00359402 1.00387596
1.00581797 0
0 0
0 0
0 1.06198242
1.06229996 1.06209533
1.06062957 1.05795343
1.05423522 1.04968073
1.04452588 1.03902818
1.03345748 1.02808626
1.02317983 1.01898676
1.01572994 1.01359858
1.01274138 1.01326115
1.0152112 0
0 0
0 0
0 1.05448175
1.05523916 1.05559848
1.05502 1.05354101
1.05128673 1.04841027
1.04508714 1.04150894
1.03787643 1.03439233
1.03125403 1.02864646
1.02673545 1.02566177
1.02553604 1.02643477
1.0283976 0
0 0
0 0
0 1.04407231
1.04539111 1.0464706
1.04702521 1.04707502
1.04669024 1.0459567
1.04497277 1.04384585
1.04268849 1.04161433
1.040734 1.04015118
1.03995883 1.04023585
1.04104425 1.04242692
1.04440609 0
0 0
0 0
0 1.03203233
1.03398062 1.03586786
1.03769335 1.03945789
1.04116996 1.04283992
1.04447966 1.04610212
1.04772092 1.04934976
1.051002 1.05269016
1.05442546 1.05621744
1.05807357 1.05999903
1.06199652 0
0 0
0 0
0 1.01979544
1.0223815 1.02508705
1.02820006 1.03170177
1.03553814 1.03964308
1.04394082 1.04834866
1.05277995 1.05714717
1.06136513 1.065354
1.0690422 1.07236896
1.07528654 1.0777619
1.07977795 0
0 0
0 0
0 1.00881409
1.0119855 1.01544193
1.01973635 1.02483208
1.03061768 1.03695692
1.04369362 1.05065729
1.05766929 1.06454923
1.07112147 1.07722144
1.08270159 1.08743665
1.0913282 1.09430814
1.09634122 0
0 0
0 0
0 1.00042105
1.0040697 1.00813801
1.01339511 1.01978972
1.02716367 1.03532354
1.04404763 1.05309393
1.06220883 1.07113626
1.07962689 1.08744711
1.09438743 1.10027006
1.10495525 1.10834635
1.11039331 0
0 0
0 0
0 0.995702314
0.999674723 1.00415758
1.01006685 1.01734139
1.02579137 1.03518463
1.04525509 1.05571228
1.0662518 1.07656631
1.08635656 1.09534216
1.10327169 1.10993174
1.11515458 1.11882423
1.12088058 0
0 0
0 0
0 0.995393621
0.999505548 1.00416611
1.01035487 1.01800651
1.02691762 1.03683945
1.0474869 1.05854872
1.06969876 1.08060771
1.09095491 1.10043994
1.1087934 1.11578661
1.12123987 1.12502888
1.12708926 0
0 0
0 0
0 0.999810265
1.00386429 1.00844878
1.0145177 1.02200765
1.03072104 1.04041623
1.05081628 1.06161885
1.07250712 1.08316118
1.09326958 1.10254046
1.11071215 1.11756251
1.12291697 1.12665481
1.12871346 0
0 0
0 0
0 1.00881705
1.01262142 1.01688331
1.02244449 1.02924938
1.03712504 1.04585999
1.05521184 1.06491598
1.07469513 1.0842693
1.09336589 1.10172948
1.10913103 1.11537614
1.12031202 1.12383299
1.12588433 0
0 0
0 0
0 0
0 0
0 0
0 0
0 0
0 0
0 0
0 0
0 0
0 0.00382022524
0 0
0 0
1.02681037 1.02867821
1.0306728 1.03279433
1.03503837 1.0373961
1.03985463 1.04239741
1.04500487 1.04765513
1.05032473 1.05298954
1.05562561 1.05821
1.0607216 1.06184846
0.812981148 0
0 0
0 0
0 0
1.018656 1.0201003
1.02208149 1.02460024
1.02763788 1.03115707
1.03510313 1.039406
1.04398281 1.0487408
1.05358072 1.05840035
1.0630982 1.06757717
1.0713814 1.07499756
0.82621503 0
0 0
0 0
0 0
1.00908064 1.01003913
1.01200398 1.01497645
1.01892153 1.02376923
1.02941705 1.0357337
1.04256381 1.04973355
1.05705684 1.06434209
1.07139909 1.07804581
1.08359745 1.08902086
0.838269792 0
0 0
0 0
0 0
1.00186094 1.00242404
1.00437554 1.0077172
1.01240072 1.01832952
1.0253622 1.03331762
1.04198144 1.05111382
1.06045806 1.06974981
1.07872665 1.08713746
1.09411609 1.10087446
0.848366041 0
0 0
0 0
0 0
0.998181821 0.998486502
1.00042928 1.00401222
1.00917835 1.01581371
1.02375147 1.03277793
1.04264018 1.05305525
1.06372028 1.07432339
1.08455494 1.09411868
1.10203165 1.10965673
0.855760268 0
0 0
0 0
0 0
0.998680012 0.998887897
1.00082741 1.00450073
1.00984763 1.01674765
1.02502443 1.03445206
1.0447632 1.05565874
1.06681849 1.0779128
1.08861434 1.09860993
1.10687365 1.11482111
0.859966537 0
0 0
0 0
0 0
1.00359402 1.00387596
1.00581797 1.00942215
1.01463075 1.02132829
1.0293457 1.03846641
1.04843413 1.05896209
1.06974335 1.08046187
1.09080385 1.10046905
1.10846552 1.11616322
0.86080283 0
0 0
0 0
0 0
1.01274138 1.01326115
1.0152112 1.0185933
1.02335771 1.02940495
1.03658934 1.04472429
1.053589 1.06293638
1.07250201 1.08201358
1.09120073 1.0998048
1.10694202 1.1138392
0.8584084 0
0 0
0 0
0 0
1.02553604 1.02643477
1.0283976 1.03142587
1.03548256 1.04049366
1.04635078 1.05291511
1.06002237 1.06748874
1.07511748 1.08270599
1.09005315 1.0969665
1.102736 1.10835219
0.853230495 0
0 0
0 0
0 0
1.04104425 1.04242692
1.04440609 1.04698249
1.05013539 1.05382329
1.05798544 1.06254402
1.06740694 1.07247117
1.07762641 1.08275911
1.08775651 1.09251074
1.09653626 1.10050697
0.84598172 0
0 0
0 0
0 0
1.05807357 1.05999903
1.06199652 1.06406611
1.06620531 1.0684091
1.07067015 1.07297906
1.07532472 1.07769468
1.08007563 1.08245386
1.08481575 1.08714829
1.08922099 1.09133526
0.8375721 0
0 0
0 0
0 0
1.07528654 1.0777619
1.07977795 1.08133409
1.08244632 1.08314657
1.08348163 1.08351143
1.08330687 1.0829473
1.08251764 1.08210534
1.08179723 1.08167637
1.08177371 1.08199774
0.82902233 0
0 0
0 0
0 0
1.0913282 1.09430814
1.09634122 1.09742623
1.09759612 1.09691674
1.09548454 1.09342304
1.09087843 1.08801427
1.08500563 1.08203278
1.0792747 1.07690263
1.07518967 1.07367254
0.821366461 0
0 0
0 0
0 0
1.10495525 1.10834635
1.11039331 1.11109442
1.11049643 1.10869286
1.1058206 1.102055
1.09760359 1.09269855
1.08758842 1.08252909
1.07777464 1.07356817
1.07038148 1.06744169
0.815553325 0
0 0
0 0
0 0
1.11515458 1.11882423
1.12088058 1.12132161
1.12020344 1.11763827
1.11379043 1.10887039
1.10312721 1.09683958
1.09030578 1.08383295
1.07772606 1.07227687
1.06809249 1.06418719
0.81235608 0
0 0
0 0
0 0
1.12123987 1.12502888
1.12708926 1.12741884
1.12607773 1.12318619
1.11892027 1.11350548
1.10720871 1.10032856
1.09318465 1.08610607
1.07941959 1.07343783
1.0688262 1.06450663
0.812298505 0
0 0
0 0
0 0
1.12291697 1.12665481
1.12871346 1.12909082
1.1278453 1.1250937
1.12100705 1.1158044
1.10974499 1.1031189
1.09623659 1.08941774
1.08297977 1.07722636
1.07279828 1.06865629
0.815605065 0
0 0
0 0
0 0
1.12031202 1.12383299
1.12588433 1.12646417
1.12562364 1.12346497
1.12013784 1.11583397
1.11078025 1.10523057
1.09945663 1.09373825
1.08835321 1.08356731
1.07991607 1.07652669
0.822179517 0
0 0
0 0
0 0
0 0.995393621
0.999505548 1.00416611
1.01035487 1.01800651
1.02691762 1.03683945
1.0474869 1.05854872
1.06969876 1.08060771
1.09095491 1.10043994
1.1087934 1.11578661
1.12123987 1.12502888
1.12708926 0.00382022524
0 0
0 0
0 0.999810265
1.00386429 1.00844878
1.0145177 1.02200765
1.03072104 1.04041623
1.05081628 1.06161885
1.07250712 1.08316118
1.09326958 1.10254046
1.11071215 1.11756251
1.12291697 1.12665481
1.12871346 0
0 0
0 0
0 1.00881705
1.01262142 1.01688331
1.02244449 1.02924938
1.03712504 1.04585999
1.05521184 1.06491598
1.07469513 1.0842693
1.09336589 1.10172948
1.10913103 1.11537614
1.12031202 1.12383299
1.12588433 0
0 0
0 0
0 1.02184118
1.02522807 1.02895162
1.03366556 1.03932732
1.04580511 1.05293776
1.06054053 1.06841179
1.0763402 1.08411241
1.09152066 1.09837029
1.10448677 1.10972192
1.11395933 1.11711845
1.11915757 0
0 0
0 0
0 1.03792686
1.04076841 1.04378919
1.04739717 1.05156672
1.05621975 1.06126078
1.06658036 1.072059
1.07757152 1.08299148
1.0881958 1.09306915
1.09750811 1.1014249
1.10475054 1.1074373
1.10946048 0
0 0
0 0
0 1.05582644
1.05804692 1.06026752
1.06261624 1.06508674
1.0676621 1.07032161
1.07304152 1.07579593
1.07855768 1.08129936
1.08399428 1.08661742
1.08914635 1.09156204
1.09384953 1.09599847
1.0980035 0
0 0
0 0
0 1.07411936
1.07570239 1.07710167
1.07815789 1.0788845
1.07932733 1.07954244
1.07959405 1.07955231
1.07949068 1.07948337
1.07960264 1.07991616
1.08048464 1.08135961
1.08258154 1.08417845
1.08616485 0
0 0
0 0
0 1.09134756
1.09233765 1.09297281
1.09282649 1.0919306
1.09038936 1.08833023
1.08589929 1.08325603
1.08056756 1.07800264
1.07572555 1.07389023
1.07263473 1.07207622
1.07230677 1.07339009
1.07535915 0
0 0
0 0
0 1.1061545
1.10665281 1.10665388
1.10550965 1.10326733
1.10007961 1.09613321
1.09164213 1.08684002
1.08197167 1.07728431
1.07301861 1.06940009
1.06663096 1.06488288
1.06429075 1.06494785
1.06690253 0
0 0
0 0
0 1.11741448
1.11756916 1.11712663
1.11528423 1.11209992
1.10776028 1.10249349
1.0965611 1.09024859
1.08385515 1.07768287
1.07202589 1.06715979
1.0633317 1.06075137
1.05958365 1.05994257
1.06188718 0
0 0
0 0
0 1.12433992
1.124332 1.12367866
1.1215044 1.11787233
1.11298515 1.10709074
1.10047324 1.09344279
1.08632443 1.07944633
1.07312803 1.06766892
1.06333746 1.06036153
1.05892023 1.05913741
1.06107724 0
0 0
0 0
0 1.12655646
1.12658261 1.12597135
1.12386317 1.12032026
1.11554212 1.10977268
1.1032916 1.09640412
1.08943011 1.08269256
1.07650595 1.07116492
1.0669337 1.06403655
1.06264973 1.06289513
1.06483591 0
0 0
0 0
0 1.12413867
1.12439241 1.12407212
1.12242167 1.11949635
1.11547341 1.11056964
1.10503351 1.09913626
1.09316212 1.08739809
1.08212362 1.07760053
1.07406358 1.07171206
1.07070259 1.07114349
1.07309087 0
0 0
0 0
0 1.11760287
1.11825619 1.11844804
1.11760332 1.11576513
1.11307159 1.10969163
1.10581889 1.10166474
1.09745067 1.09340034
1.0897315 1.0866482
1.08433338 1.08294234
1.08259712 1.08338215
1.08534114 0
0 0
0 0
0 1.1078582
1.1102122 1.11100572
1.11110355 1.11053884
1.10940542 1.10781781
1.10590693 1.10381509
1.10169067 1.09968252
1.09793443 1.0965799
1.09573752 1.095507
1.09596606 1.0971681
1.09914074 0
0 0
0 0
0 1.09599154
1.09968774 1.10128191
1.10256087 1.10358621
1.10439154 1.10501817
1.10551383 1.10593115
1.10632601 1.1067558
1.10727745 1.10794548
1.10880986 1.10991393
1.11129239 1.11296957
1.11495819 0
0 0
0 0
0 0.829658152
0.83148313 0.833390089
0.835532399 0.837888089
0.840427489 0.843114319
0.845906989 0.848760102
0.851626086 0.854456903
0.857205783 0.859828903
0.862286969 0.864546625
0.866581657 0.868373935
0.869914067 0
0 0
0 0
0 0
0 0
0 0
0 0
0 0
0 0
0 0
0 0
0 0
0 0
0 0
0 0
0 0
0 0
0 0
0 0
0 0
0 0
0 0
0 0
0 0
0 0
0 0
0 0
1.12123987 1.12502888
1.12708926 1.12741884
1.12607773 1.12318619
1.11892027 1.11350548
1.10720871 1.10032856
1.09318465 1.08610607
1.07941959 1.07343783
1.0688262 1.06450663
0.812298505 0
0 0.00382022524
0 0
0 0
1.12291697 1.12665481
1.12871346 1.12909082
1.1278453 1.1250937
1.12100705 1.1158044
1.10974499 1.1031189
1.09623659 1.08941774
1.08297977 1.07722636
1.07279828 1.06865629
0.815605065 0
0 0
0 0
0 0
1.12031202 1.12383299
1.12588433 1.12646417
1.12562364 1.12346497
1.12013784 1.11583397
1.11078025 1.10523057
1.09945663 1.09373825
1.08835321 1.08356731
1.07991607 1.07652669
0.822179517 0
0 0
0 0
0 0
1.11395933 1.11711845
1.11915757 1.12007529
1.11991055 1.11874126
1.1166815 1.11387738
1.11050181 1.10674826
1.10282381 1.0989417
1.09531363 1.09214216
1.08978745 1.08765269
0.831614079 0
0 0
0 0
0 0
1.10475054 1.1074373
1.10946048 1.11081924
1.11153666 1.11165889
1.11125353 1.11040715
1.10922219 1.10781329
1.10630312 1.10481805
1.10348348 1.10241945
1.10175822 1.10125766
0.843228309 0
0 0
0 0
0 0
1.09384953 1.09599847
1.0980035 1.09986443
1.10158628 1.10317905
1.10465741 1.10604012
1.1073494 1.10861011
1.10984887 1.11109307
1.1123699 1.11370541
1.11497431 1.11632779
0.85613397 0
0 0
0 0
0 0
1.08258154 1.08417845
1.08616485 1.08854122
1.09129401 1.09439614
1.09780794 1.10147859
1.10534796 1.10934878
1.11340902 1.11745455
1.12141173 1.12521012
1.12846282 1.13170972
0.869319706 0
0 0
0 0
0 0
1.07230677 1.07339009
1.07535915 1.07821507
1.08192705 1.08643347
1.09164411 1.09744343
1.10369468 1.11024486
1.11693018 1.12358203
1.13003297 1.13612281
1.14122428 1.14622189
0.881747461 0
0 0
0 0
0 0
1.06429075 1.06494785
1.06690253 1.07015641
1.07466436 1.08033612
1.08703954 1.09460533
1.10283318 1.11149892
1.12036266 1.12917736
1.13769774 1.14568912
1.15232755 1.15876829
0.892451437 0
0 0
0 0
0 0
1.05958365 1.05994257
1.06188718 1.06541948
1.07048432 1.07697139
1.08471919 1.09352085
1.10313157 1.11327743
1.12366524 1.13399312
1.14396133 1.15328309
1.16099867 1.16844273
0.90063017 0
0 0
0 0
0 0
1.05892023 1.05913741
1.06107724 1.06474188
1.07007142 1.07694603
1.08519026 1.09457936
1.10484741 1.11569681
1.12680906 1.13785621
1.14851262 1.15846674
1.1666952 1.17461349
0.905722935 0
0 0
0 0
0 0
1.06264973 1.06289513
1.06483591 1.0684742
1.07375103 1.08054847
1.08869384 1.09796597
1.10810312 1.11881243
1.12978042 1.14068434
1.15120371 1.16103191
1.16915889 1.17698093
0.907463202 0
0 0
0 0
0 0
1.07070259 1.07114349
1.07309087 1.07654662
1.08145835 1.08772126
1.09518193 1.10364381
1.11287433 1.12261326
1.13258205 1.14249391
1.15206406 1.16102005
1.16844099 1.17560451
0.905904044 0
0 0
0 0
0 0
1.08259712 1.08338215
1.08534114 1.08847558
1.09274463 1.09806662
1.10432199 1.11135759
1.11899218 1.12702295
1.13523286 1.14339839
1.15129764 1.15871829
1.16489721 1.17089798
0.901413081 0
0 0
0 0
0 0
1.09596606 1.0971681
1.09914074 1.10188498
1.10537522 1.10955988
1.11436288 1.11968587
1.12541133 1.1314065
1.13752802 1.14362713
1.14955522 1.15516936
1.15990874 1.16375475
0.894637645 0
0 0
0 0
0 0
1.11129239 1.11296957
1.11495819 1.11725866
1.1198591 1.12273595
1.12585522 1.1291742
1.13264341 1.13620865
1.13981314 1.14339947
1.14691157 1.15029652
1.15346904 1.15602203
0.886429759 0
0 0
0 0
0 0
0.866581657 0.868373935
0.869914067 0.871201735
0.872245711 0.873063534
0.873680885 0.874130659
0.874451783 0.874687816
0.874885375 0.875092466
0.875356749 0.875723828
0.876235586 0.876912026
0.644929939 0
0 0
0 0
0 0
0 0
0 0
0 0
0 0
0 0
0 0
0 0
0 0
0 0
0 0
0 0
0 0
0 0
0 0
0 0
0 0
0 0
0 0
0 0
0 0
0 0
0 0
0 0
0 0
